02 Retentie/Model student/CF-E4.lit/FIXED/dem25haren.asc
ncols         206
nrows         289
xllcorner     237027.652
yllcorner     571087
cellsize      25
NODATA_value  -9999
[rows 132 to 175 of 289, columns 0 to 95 of 206]
-9999 -9999 -9999 -9999 -9999 -9999 -9999 -9999 -9999 -9999 -9999 -9999 -9999 429 513 487 455 476 425 390 356 341 329 313 328 332 291 251 230 205 211 203 184 183 163 173 170 162 158 148 138 132 131 136 233 305 489 271 283 248 282 270 233 269 271 269 258 280 294 289 261 267 265 245 301 314 343 380 402 419 454 441 493 438 441 440 419 380 390 375 323 276 228 190 187 143 111 94 81 41 29 10 11 -17 -12 -25
-9999 -9999 -9999 -9999 -9999 -9999 -9999 -9999 -9999 -9999 -9999 -9999 -9999 -9999 446 488 432 413 390 366 355 340 321 302 306 301 279 238 221 219 215 191 213 200 169 104 88 100 144 190 174 133 124 121 119 295 423 360 278 276 273 268 260 271 264 247 261 277 298 266 251 268 260 257 294 298 346 382 400 419 445 437 459 446 436 449 429 401 415 370 325 292 231 196 187 139 105 77 73 66 22 23 19 -11 0 7
-9999 -9999 -9999 -9999 -9999 -9999 -9999 -9999 -9999 -9999 -9999 -9999 -9999 -9999 -9999 414 444 392 383 359 349 337 323 301 300 312 336 273 232 235 220 193 202 224 192 173 170 182 225 189 192 150 146 131 155 308 307 385 267 295 249 259 265 281 244 264 290 278 285 269 258 262 268 276 269 292 323 357 382 421 433 436 473 471 471 428 447 455 391 361 329 302 245 225 158 124 124 72 86 75 67 42 -5 33 7 -15
-9999 -9999 -9999 -9999 -9999 -9999 -9999 -9999 -9999 -9999 -9999 -9999 -9999 -9999 -9999 -9999 394 366 371 350 341 365 332 315 303 310 319 281 257 240 226 226 199 184 159 145 174 187 173 115 204 207 165 128 143 62 296 391 290 283 255 274 264 251 301 296 289 292 290 279 288 290 305 301 293 287 323 359 411 420 429 438 478 459 438 434 430 494 413 391 327 279 259 214 168 147 101 72 92 31 53 50 33 22 -30 0
-9999 -9999 -9999 -9999 -9999 -9999 -9999 -9999 -9999 -9999 -9999 -9999 -9999 -9999 -9999 -9999 -9999 338 334 290 322 328 320 305 329 290 285 278 284 230 233 224 212 219 169 175 164 177 172 175 187 181 160 158 168 200 299 294 323 290 281 253 282 254 286 302 303 303 292 324 333 330 306 280 206 269 309 380 382 409 431 429 438 418 434 447 420 413 412 403 361 318 273 235 197 151 78 62 72 70 77 78 48 32 11 31
-9999 -9999 -9999 -9999 -9999 -9999 -9999 -9999 -9999 -9999 -9999 -9999 -9999 -9999 -9999 -9999 -9999 -9999 335 343 355 334 334 301 298 294 297 325 325 250 267 236 216 195 179 170 183 182 159 161 185 178 188 198 198 194 298 302 330 286 296 247 266 290 303 282 279 273 285 314 331 336 297 285 248 257 298 336 370 403 414 426 426 429 436 431 435 418 449 419 402 325 285 222 201 169 74 83 75 55 57 68 72 37 -7 14
-9999 -9999 -9999 -9999 -9999 -9999 -9999 -9999 -9999 -9999 -9999 -9999 -9999 -9999 -9999 -9999 -9999 -9999 -9999 365 375 325 343 310 315 311 289 330 333 293 265 241 224 228 190 165 151 176 179 182 193 236 178 178 180 184 115 302 330 288 290 280 231 243 287 305 316 331 306 313 349 342 325 278 256 278 317 344 370 395 401 398 408 417 424 436 434 446 475 420 423 404 322 275 194 173 116 81 83 51 67 6 73 62 39 9
-9999 -9999 -9999 -9999 -9999 -9999 -9999 -9999 -9999 -9999 -9999 -9999 -9999 -9999 -9999 -9999 -9999 -9999 -9999 354 349 331 321 287 310 315 298 345 322 290 269 263 242 196 184 187 171 177 175 194 203 183 178 178 198 193 225 319 320 305 293 302 230 236 250 296 301 315 294 329 365 366 346 284 297 309 335 363 383 400 400 405 400 399 390 421 436 436 425 401 390 390 347 280 229 186 125 76 79 62 54 54 62 68 70 28
-9999 -9999 -9999 -9999 -9999 -9999 -9999 -9999 -9999 -9999 -9999 -9999 -9999 -9999 -9999 -9999 -9999 -9999 -9999 -9999 317 327 326 341 304 307 290 339 338 298 267 253 248 189 170 180 138 189 187 217 184 204 186 167 207 159 236 199 335 341 297 311 258 214 242 275 297 316 315 329 352 377 380 346 311 316 342 365 383 403 394 419 386 397 395 420 432 426 431 407 392 377 339 285 243 205 176 68 83 67 56 74 63 45 69 58
-9999 -9999 -9999 -9999 -9999 -9999 -9999 -9999 -9999 -9999 -9999 -9999 -9999 -9999 -9999 -9999 -9999 -9999 -9999 -9999 -9999 313 323 317 310 298 303 347 340 323 299 245 199 186 193 200 181 183 173 173 167 198 207 217 232 195 310 100 357 352 312 304 306 215 252 296 330 305 317 331 359 382 375 354 302 325 337 359 374 388 394 402 370 393 403 417 410 441 440 429 411 397 374 303 263 218 170 113 97 87 79 60 64 24 56 52
-9999 -9999 -9999 -9999 -9999 -9999 -9999 -9999 -9999 -9999 -9999 -9999 -9999 -9999 -9999 -9999 -9999 -9999 -9999 -9999 -9999 315 317 304 303 316 338 366 369 316 281 302 226 208 212 179 215 212 208 171 159 146 191 203 213 159 215 221 327 341 313 310 327 254 264 301 316 316 326 342 367 395 369 322 302 284 335 345 374 375 380 386 419 379 398 414 435 429 440 424 400 406 404 338 301 256 192 127 83 89 77 75 50 41 47 50
-9999 -9999 -9999 -9999 -9999 -9999 -9999 -9999 -9999 -9999 -9999 -9999 -9999 -9999 -9999 -9999 -9999 -9999 -9999 -9999 -9999 -9999 282 299 310 308 298 313 319 307 352 264 206 218 230 204 198 224 229 160 172 172 232 214 195 188 206 218 173 327 311 305 318 276 243 279 295 321 324 317 352 376 367 317 285 240 272 315 335 346 381 385 391 395 408 418 422 429 469 422 400 383 384 359 288 250 196 165 122 86 73 66 53 48 53 55
-9999 -9999 -9999 -9999 -9999 -9999 -9999 -9999 -9999 -9999 -9999 -9999 -9999 -9999 -9999 -9999 -9999 -9999 -9999 -9999 -9999 -9999 311 276 295 318 358 329 367 378 296 223 205 196 203 211 209 238 225 180 169 179 194 169 171 173 204 250 206 324 315 290 310 315 221 259 298 327 318 320 341 367 355 329 266 279 296 279 346 363 367 380 416 396 396 404 432 407 401 407 394 391 383 378 328 256 217 171 142 81 76 69 37 57 57 51
-9999 -9999 -9999 -9999 -9999 -9999 -9999 -9999 -9999 -9999 -9999 -9999 -9999 -9999 -9999 -9999 -9999 -9999 -9999 -9999 -9999 -9999 -9999 280 308 315 345 307 375 341 335 238 221 208 236 215 227 224 200 180 179 174 162 179 177 208 198 218 248 325 326 300 321 323 257 265 293 321 317 337 347 372 393 360 302 320 310 386 407 311 396 407 407 408 399 416 398 399 408 387 389 374 381 355 348 287 237 187 144 78 75 85 81 57 47 62
-9999 -9999 -9999 -9999 -9999 -9999 -9999 -9999 -9999 -9999 -9999 -9999 -9999 -9999 -9999 -9999 -9999 -9999 -9999 -9999 -9999 -9999 -9999 -9999 264 304 339 332 335 337 334 255 242 224 221 218 145 195 189 190 176 166 168 160 208 219 220 236 263 267 316 304 328 338 310 260 266 287 308 329 351 384 423 428 293 316 396 424 419 403 350 397 396 419 407 407 396 403 406 403 391 384 386 391 390 316 261 215 176 151 127 114 67 66 82 68
-9999 -9999 -9999 -9999 -9999 -9999 -9999 -9999 -9999 -9999 -9999 -9999 -9999 -9999 -9999 -9999 -9999 -9999 -9999 -9999 -9999 -9999 -9999 -9999 296 316 313 305 331 351 344 299 303 281 188 209 193 193 181 181 177 161 163 187 199 232 238 255 257 263 311 299 309 335 305 256 277 257 273 321 341 362 417 299 284 404 410 450 443 391 382 367 398 420 401 421 425 412 409 384 380 390 384 386 357 338 286 233 194 161 149 113 93 62 56 60
-9999 -9999 -9999 -9999 -9999 -9999 -9999 -9999 -9999 -9999 -9999 -9999 -9999 -9999 -9999 -9999 -9999 -9999 -9999 -9999 -9999 -9999 -9999 -9999 -9999 257 289 303 336 336 332 284 273 301 195 203 178 185 190 208 177 147 139 208 222 191 257 298 235 270 308 313 300 335 308 175 261 261 262 279 332 362 393 285 335 393 404 428 462 418 406 391 415 414 435 410 410 416 410 411 404 380 372 368 352 340 326 265 212 179 163 133 88 73 86 51
-9999 -9999 -9999 -9999 -9999 -9999 -9999 -9999 -9999 -9999 -9999 -9999 -9999 -9999 -9999 -9999 -9999 -9999 -9999 -9999 -9999 -9999 -9999 -9999 -9999 272 270 278 307 309 319 289 258 268 197 179 221 212 225 220 191 203 184 210 236 218 253 244 227 280 308 306 304 323 322 279 259 257 262 288 329 357 269 291 380 376 353 399 455 456 471 453 448 462 415 390 398 404 399 405 404 401 388 383 358 350 329 294 198 184 166 139 99 85 56 51
-9999 -9999 -9999 -9999 -9999 -9999 -9999 -9999 -9999 -9999 -9999 -9999 -9999 -9999 -9999 -9999 -9999 -9999 -9999 -9999 -9999 -9999 -9999 -9999 -9999 -9999 253 285 304 287 382 269 299 259 241 233 233 245 198 216 234 211 192 190 209 213 235 259 227 220 314 313 302 343 332 314 278 253 265 274 309 278 260 332 358 271 279 333 435 493 513 508 468 490 471 417 425 432 415 410 396 396 398 385 398 372 348 300 240 204 188 164 93 88 62 58
-9999 -9999 -9999 -9999 -9999 -9999 -9999 -9999 -9999 -9999 -9999 -9999 -9999 -9999 -9999 -9999 -9999 -9999 -9999 -9999 -9999 -9999 -9999 -9999 -9999 -9999 285 311 327 325 331 300 301 256 216 245 256 225 218 230 201 192 209 180 250 207 274 241 218 229 245 316 326 334 331 243 263 261 272 269 306 298 307 363 353 289 292 286 423 493 526 531 513 491 510 511 461 454 431 422 403 395 390 387 374 354 335 312 256 221 213 198 126 137 91 89
-9999 -9999 -9999 -9999 -9999 -9999 -9999 -9999 -9999 -9999 -9999 -9999 -9999 -9999 -9999 -9999 -9999 -9999 -9999 -9999 -9999 -9999 -9999 -9999 -9999 -9999 -9999 285 294 341 321 302 300 244 226 224 196 210 249 225 178 141 151 156 195 231 225 243 311 344 236 312 307 330 330 158 246 283 300 309 329 288 271 345 345 292 281 311 427 460 478 479 485 513 579 564 531 488 464 393 401 438 398 387 381 368 351 310 299 243 222 189 157 130 119 95
-9999 -9999 -9999 -9999 -9999 -9999 -9999 -9999 -9999 -9999 -9999 -9999 -9999 -9999 -9999 -9999 -9999 -9999 -9999 -9999 -9999 -9999 -9999 -9999 -9999 -9999 -9999 -9999 281 321 322 306 293 245 238 231 221 180 194 174 156 150 163 188 205 183 248 238 230 248 262 314 320 337 324 147 204 250 314 267 257 265 272 271 337 320 336 347 415 404 419 444 492 534 550 575 567 548 403 394 362 411 397 383 389 367 352 335 295 271 248 222 206 130 93 73
-9999 -9999 -9999 -9999 -9999 -9999 -9999 -9999 -9999 -9999 -9999 -9999 -9999 -9999 -9999 -9999 -9999 -9999 -9999 -9999 -9999 -9999 -9999 -9999 -9999 -9999 -9999 -9999 291 316 290 299 274 209 278 262 242 214 207 175 155 152 217 238 214 209 233 227 236 243 259 321 311 339 327 158 210 326 344 309 303 257 253 263 250 316 311 295 316 359 405 463 489 511 536 555 576 393 390 398 388 421 409 392 384 375 366 353 316 299 251 207 171 126 78 61
-9999 -9999 -9999 -9999 -9999 -9999 -9999 -9999 -9999 -9999 -9999 -9999 -9999 -9999 -9999 -9999 -9999 -9999 -9999 -9999 -9999 -9999 -9999 -9999 -9999 -9999 -9999 -9999 -9999 282 292 294 294 255 230 224 205 191 131 164 149 191 215 228 211 207 204 207 193 192 216 300 295 318 317 178 336 370 312 300 288 247 259 258 264 321 279 281 318 378 445 451 480 509 514 541 387 381 390 391 398 402 418 400 388 371 356 363 348 265 249 200 171 111 116 109
-9999 -9999 -9999 -9999 -9999 -9999 -9999 -9999 -9999 -9999 -9999 -9999 -9999 -9999 -9999 -9999 -9999 -9999 -9999 -9999 -9999 -9999 -9999 -9999 -9999 -9999 -9999 -9999 -9999 312 311 258 254 214 203 171 203 190 183 179 177 198 160 216 220 224 337 194 181 201 179 282 292 313 296 340 348 375 351 296 295 328 373 389 352 339 282 323 365 411 420 443 450 473 504 389 382 392 385 393 391 406 394 415 377 389 377 371 350 314 282 223 198 167 105 103
-9999 -9999 -9999 -9999 -9999 -9999 -9999 -9999 -9999 -9999 -9999 -9999 -9999 -9999 -9999 -9999 -9999 -9999 -9999 -9999 -9999 -9999 -9999 -9999 -9999 -9999 -9999 -9999 -9999 300 316 302 224 222 207 196 189 200 191 189 201 201 202 224 241 230 244 232 245 221 218 300 300 295 310 356 385 415 375 356 378 375 386 360 334 321 318 293 308 331 372 381 421 468 455 392 383 376 395 380 391 389 392 390 416 409 393 374 381 335 289 255 222 199 142 144
-9999 -9999 -9999 -9999 -9999 -9999 -9999 -9999 -9999 -9999 -9999 -9999 -9999 -9999 -9999 -9999 -9999 -9999 -9999 -9999 -9999 -9999 -9999 -9999 -9999 -9999 -9999 -9999 -9999 -9999 309 316 309 217 206 197 196 199 196 205 218 213 221 234 234 228 236 267 259 237 229 300 302 311 304 352 385 390 393 336 243 238 358 337 333 339 298 273 281 282 283 342 414 459 469 430 407 393 377 401 392 393 386 526 498 420 421 398 379 367 336 286 244 213 194 129
-9999 -9999 -9999 -9999 -9999 -9999 -9999 -9999 -9999 -9999 -9999 -9999 -9999 -9999 -9999 -9999 -9999 -9999 -9999 -9999 -9999 -9999 -9999 -9999 -9999 -9999 -9999 -9999 -9999 -9999 319 314 231 218 217 204 201 182 201 203 212 218 216 225 237 230 253 250 267 249 230 297 311 317 324 343 377 390 384 372 236 227 237 367 371 330 282 261 237 243 257 277 309 434 488 450 422 357 382 417 395 490 561 527 526 503 434 415 390 363 361 341 331 305 277 121
-9999 -9999 -9999 -9999 -9999 -9999 -9999 -9999 -9999 -9999 -9999 -9999 -9999 -9999 -9999 -9999 -9999 -9999 -9999 -9999 -9999 -9999 -9999 -9999 -9999 -9999 -9999 -9999 -9999 -9999 -9999 281 243 232 238 238 205 198 197 207 228 246 153 224 221 238 255 237 291 216 236 298 304 314 310 344 359 278 263 315 224 219 232 237 240 289 263 214 211 221 222 254 295 341 460 453 430 440 403 395 528 540 561 564 553 530 511 480 452 447 411 361 335 303 249 182
-9999 -9999 -9999 -9999 -9999 -9999 -9999 -9999 -9999 -9999 -9999 -9999 -9999 -9999 -9999 -9999 -9999 -9999 -9999 -9999 -9999 -9999 -9999 -9999 -9999 -9999 -9999 -9999 -9999 -9999 -9999 -9999 260 248 237 254 240 205 205 224 260 249 242 239 227 244 243 253 319 327 219 282 296 305 320 347 271 214 231 242 225 222 222 229 233 281 233 189 190 206 212 229 275 312 441 492 448 440 424 504 526 531 553 564 559 567 560 537 507 496 431 394 329 294 249 218
-9999 -9999 -9999 -9999 -9999 -9999 -9999 -9999 -9999 -9999 -9999 -9999 -9999 -9999 -9999 -9999 -9999 -9999 -9999 -9999 -9999 -9999 -9999 -9999 -9999 -9999 -9999 -9999 -9999 -9999 -9999 -9999 297 254 252 233 208 199 224 258 260 266 260 260 240 252 244 226 268 368 253 295 303 301 321 335 249 211 222 241 249 229 243 225 229 272 230 203 202 193 203 211 257 303 383 478 488 460 483 490 509 519 521 546 541 553 566 556 560 491 458 425 353 324 281 242
-9999 -9999 -9999 -9999 -9999 -9999 -9999 -9999 -9999 -9999 -9999 -9999 -9999 -9999 -9999 -9999 -9999 -9999 -9999 -9999 -9999 -9999 -9999 -9999 -9999 -9999 -9999 -9999 -9999 -9999 -9999 -9999 -9999 285 271 254 233 181 231 251 272 283 277 294 316 283 285 272 228 288 303 295 299 303 334 306 234 218 221 256 238 242 240 259 254 280 233 201 213 196 191 192 244 302 350 457 481 476 483 473 480 495 508 509 514 521 548 551 513 501 449 387 381 343 313 265
-9999 -9999 -9999 -9999 -9999 -9999 -9999 -9999 -9999 -9999 -9999 -9999 -9999 -9999 -9999 -9999 -9999 -9999 -9999 -9999 -9999 -9999 -9999 -9999 -9999 -9999 -9999 -9999 -9999 -9999 -9999 -9999 -9999 -9999 282 274 259 288 205 269 275 245 295 291 310 287 234 262 265 323 277 276 312 313 299 310 246 215 211 253 248 251 250 275 246 286 251 216 213 197 188 196 240 301 335 421 466 490 470 446 430 451 487 503 505 503 517 535 438 434 423 397 383 411 390 302
-9999 -9999 -9999 -9999 -9999 -9999 -9999 -9999 -9999 -9999 -9999 -9999 -9999 -9999 -9999 -9999 -9999 -9999 -9999 -9999 -9999 -9999 -9999 -9999 -9999 -9999 -9999 -9999 -9999 -9999 -9999 -9999 -9999 -9999 -9999 320 293 324 335 232 187 260 272 305 315 328 320 285 277 430 247 234 325 323 229 278 223 225 217 214 238 245 258 268 270 252 263 214 202 207 201 205 246 288 333 372 440 472 490 413 406 410 433 451 473 411 412 406 416 427 424 421 430 386 359 309
-9999 -9999 -9999 -9999 -9999 -9999 -9999 -9999 -9999 -9999 -9999 -9999 -9999 -9999 -9999 -9999 -9999 -9999 -9999 -9999 -9999 -9999 -9999 -9999 -9999 -9999 -9999 -9999 -9999 -9999 -9999 -9999 -9999 -9999 -9999 -9999 324 351 343 185 276 281 274 297 320 334 327 318 265 338 345 304 300 320 258 293 226 221 214 206 241 237 247 258 262 270 273 247 225 220 215 220 262 297 317 387 325 359 380 393 403 417 407 419 402 410 409 417 507 523 506 467 415 402 379 357
-9999 -9999 -9999 -9999 -9999 -9999 -9999 -9999 -9999 -9999 -9999 -9999 -9999 -9999 -9999 -9999 -9999 -9999 -9999 -9999 -9999 -9999 -9999 -9999 -9999 -9999 -9999 -9999 -9999 -9999 -9999 -9999 -9999 -9999 -9999 -9999 356 338 353 329 274 274 296 329 339 344 377 343 384 317 328 343 307 323 297 260 229 228 223 216 218 249 261 285 258 250 270 267 245 247 243 257 274 313 272 320 319 310 345 370 378 428 412 408 418 426 484 497 502 512 511 492 448 430 426 333
-9999 -9999 -9999 -9999 -9999 -9999 -9999 -9999 -9999 -9999 -9999 -9999 -9999 -9999 -9999 -9999 -9999 -9999 -9999 -9999 -9999 -9999 -9999 -9999 -9999 -9999 -9999 -9999 -9999 -9999 -9999 -9999 -9999 -9999 -9999 -9999 -9999 328 310 300 290 279 285 305 326 325 376 344 328 312 364 302 262 337 318 262 221 223 228 233 227 235 231 211 273 249 235 248 262 265 279 289 302 319 330 322 325 321 311 357 357 366 368 388 396 401 453 473 496 505 503 491 475 445 441 438
-9999 -9999 -9999 -9999 -9999 -9999 -9999 -9999 -9999 -9999 -9999 -9999 -9999 -9999 -9999 -9999 -9999 -9999 -9999 -9999 -9999 -9999 -9999 -9999 -9999 -9999 -9999 -9999 -9999 -9999 -9999 -9999 -9999 -9999 -9999 -9999 -9999 -9999 307 302 283 266 275 273 289 334 284 293 326 347 444 352 253 332 333 258 230 229 214 239 240 247 243 243 243 247 238 229 244 238 242 238 302 325 319 319 325 312 309 314 322 319 338 408 409 404 435 458 469 480 493 480 462 456 443 436
-9999 -9999 -9999 -9999 -9999 -9999 -9999 -9999 -9999 -9999 -9999 -9999 -9999 -9999 -9999 -9999 -9999 -9999 -9999 -9999 -9999 -9999 -9999 -9999 -9999 -9999 -9999 -9999 -9999 -9999 -9999 -9999 -9999 -9999 -9999 -9999 -9999 -9999 -9999 284 274 262 268 268 274 270 297 338 392 357 394 293 245 325 346 267 256 250 -9999 -9999 244 238 236 241 246 248 246 241 239 243 247 242 239 246 212 317 331 289 300 294 300 302 332 391 410 405 426 454 457 462 471 459 455 451 386 378
-9999 -9999 -9999 -9999 -9999 -9999 -9999 -9999 -9999 -9999 -9999 -9999 -9999 -9999 -9999 -9999 -9999 -9999 -9999 -9999 -9999 -9999 -9999 -9999 -9999 -9999 -9999 -9999 -9999 -9999 -9999 -9999 -9999 -9999 -9999 -9999 -9999 -9999 -9999 303 281 264 264 275 264 260 200 375 377 149 207 278 216 340 407 310 286 -9999 -9999 -9999 -9999 233 238 250 259 247 251 253 253 247 247 251 240 251 249 240 245 271 227 281 283 297 421 425 424 411 427 449 444 446 450 455 463 434 431 423
-9999 -9999 -9999 -9999 -9999 -9999 -9999 -9999 -9999 -9999 -9999 -9999 -9999 -9999 -9999 -9999 -9999 -9999 -9999 -9999 -9999 -9999 -9999 -9999 -9999 -9999 -9999 -9999 -9999 -9999 -9999 -9999 -9999 -9999 -9999 -9999 -9999 -9999 -9999 -9999 303 280 280 307 279 281 390 401 389 367 116 299 218 331 442 345 -9999 -9999 -9999 -9999 -9999 352 -9999 -9999 -9999 -9999 255 249 245 253 247 240 247 244 250 252 249 263 289 296 291 299 385 392 434 435 450 437 440 444 451 461 457 452 430 415
-9999 -9999 -9999 -9999 -9999 -9999 -9999 -9999 -9999 -9999 -9999 -9999 -9999 -9999 -9999 -9999 -9999 -9999 -9999 -9999 -9999 -9999 -9999 -9999 -9999 -9999 -9999 -9999 -9999 -9999 -9999 -9999 -9999 -9999 -9999 -9999 -9999 -9999 -9999 -9999 -9999 281 282 281 276 360 391 375 365 355 112 315 271 374 411 362 -9999 -9999 -9999 -9999 -9999 -9999 -9999 -9999 -9999 -9999 -9999 -9999 274 243 234 235 240 246 249 240 246 279 290 306 309 299 331 385 379 391 433 448 454 468 470 465 446 430 436 441
-9999 -9999 -9999 -9999 -9999 -9999 -9999 -9999 -9999 -9999 -9999 -9999 -9999 -9999 -9999 -9999 -9999 -9999 -9999 -9999 -9999 -9999 -9999 -9999 -9999 -9999 -9999 -9999 -9999 -9999 -9999 -9999 -9999 -9999 -9999 -9999 -9999 -9999 -9999 -9999 -9999 334 276 265 278 394 393 393 370 354 114 334 286 -9999 485 403 -9999 -9999 -9999 -9999 -9999 -9999 -9999 -9999 -9999 -9999 -9999 -9999 299 286 287 280 250 231 232 226 239 269 276 300 298 297 306 382 380 397 420 455 474 474 463 437 451 464 436 448
-9999 -9999 -9999 -9999 -9999 -9999 -9999 -9999 -9999 -9999 -9999 -9999 -9999 -9999 -9999 -9999 -9999 -9999 -9999 -9999 -9999 -9999 -9999 -9999 -9999 -9999 -9999 -9999 -9999 -9999 -9999 -9999 -9999 -9999 -9999 -9999 -9999 -9999 -9999 -9999 -9999 -9999 311 358 390 369 367 356 363 365 298 324 296 -9999 -9999 -9999 -9999 -9999 -9999 -9999 -9999 -9999 -9999 -9999 -9999 -9999 -9999 286 306 311 316 347 305 275 269 230 232 264 274 286 296 295 331 391 389 393 382 432 453 469 469 464 454 450 426 434
