02 Retentie/Model student/CF-E4.lit/FIXED/dem25haren.asc
ncols         206
nrows         289
xllcorner     237027.652
yllcorner     571087
cellsize      25
NODATA_value  -9999
[rows 88 to 131 of 289, columns 96 to 191 of 206]
-1 -9 -18 -19 -15 -31 -20 -12 -23 -32 -10 -22 -30 -31 -23 -23 -18 -13 -23 -3 -3 -11 -3 -13 -26 -33 -24 -9 -25 -23 -22 -14 -25 -36 -34 -23 -14 -10 43 -9 -28 -14 -25 -28 -24 -25 -22 0 -1 -11 -7 5 -9 -18 -18 -27 -5 0 -18 -22 -17 5 -15 -10 -18 -7 -1 2 -5 -9 -6 -1 5 5 -4 46 -9999 -9999 -9999 -9999 -9999 -9999 -9999 -9999 -9999 -9999 -9999 -9999 -9999 -9999 -9999 -9999 -9999 -9999 -9999 -9999
-8 -18 -16 -21 3 -4 -4 -29 -20 -37 -29 -39 -33 -37 -21 -20 -25 -18 -1 -6 -9 -7 -2 -2 -21 -30 -32 -18 -18 -24 -28 -22 -18 -31 -30 -29 -18 32 -10 -23 -35 -36 -6 -20 -21 -18 -28 -7 -9 -12 -3 -12 -9999 -20 -23 -31 5 -17 -21 -10 21 5 8 -24 -14 -7 -7 -18 -10 -14 -13 -5 -5 19 21 7 92 -9999 -9999 -9999 -9999 -9999 -9999 -9999 -9999 -9999 -9999 -9999 -9999 -9999 -9999 -9999 -9999 -9999 -9999 -9999
-8 -18 -25 -17 -23 -20 -4 -34 -5 -28 -27 -11 -24 -30 -27 -18 -8 -16 -16 -9 -11 -11 -14 -7 -6 -20 -8 -16 -1 -24 -25 -26 -13 -25 -26 -28 -5 -6 -27 -35 -31 -26 -22 -8 -15 -4 -8 -9 4 -27 -23 -25 -19 -13 -16 15 6 -12 -19 -26 -26 -21 -27 -29 -5 -8 -15 -11 -20 -18 -14 -14 -16 -11 2 12 9 -9999 -9999 -9999 -9999 -9999 -9999 -9999 -9999 -9999 -9999 -9999 -9999 -9999 -9999 -9999 -9999 -9999 -9999 -9999
-7 -15 -37 -15 -14 -13 0 0 -21 -24 -30 -23 -40 -9 -11 -23 -20 -7 -13 -13 -18 -8 -8 -4 -9 -11 -18 -27 -16 -32 -26 -27 -25 -14 -29 -38 13 -22 -35 -21 -23 -16 -12 9 -7 -26 -31 -9 -28 -34 -36 -35 -31 -5 -37 -12 -24 -21 -1 0 -6 2 -20 -20 -18 -3 -6 -18 -23 -19 -13 -9 -7 11 9 13 0 1 -9999 -9999 -9999 -9999 -9999 -9999 -9999 -9999 -9999 -9999 -9999 -9999 -9999 -9999 -9999 -9999 -9999 -9999
-9 -20 -34 -13 -15 -29 -34 -15 -18 -21 -16 -11 -29 -30 -16 -11 -18 -17 -25 -19 0 -10 -17 -11 -15 -7 -15 -26 -21 -11 -21 -32 -25 -17 -19 -16 -15 -5 -24 -17 -28 -6 -20 -24 -1 -15 -29 -23 -10 -27 4 -43 -35 -20 21 -7 -8 -11 -12 -17 -19 27 -15 -25 -23 -22 -15 -6 -23 -20 -18 -10 -8 4 1 2 5 13 -9999 -9999 -9999 -9999 -9999 -9999 -9999 -9999 -9999 -9999 -9999 -9999 -9999 -9999 -9999 -9999 -9999 -9999
5 -2 -14 -23 -13 -30 -25 10 -15 -27 -14 -30 -28 -34 -38 -9 -16 -15 -20 -11 -15 -30 -19 -14 -7 -2 -17 -22 -23 -19 -8 -27 -34 -27 -7 -30 -22 -9 -7 -3 -14 -22 -19 -23 -13 -20 -29 -39 -23 -20 -31 -37 -13 -9 -17 6 1 -13 3 -21 1 5 -13 -27 -25 -21 -16 0 11 -14 -10 -10 -3 -7 7 7 7 13 3 -9999 -9999 -9999 -9999 -9999 -9999 -9999 -9999 -9999 -9999 -9999 -9999 -9999 -9999 -9999 -9999 -9999
-27 3 -5 -20 -13 -12 -38 0 -7 -21 -16 -38 -24 -27 -33 -22 0 -10 -10 -12 -9 -15 -6 -6 -10 -9 -7 -18 -24 -24 -23 -17 -34 -23 2 -11 -33 -20 -7 -34 -33 -21 -35 -30 -28 -10 -25 -32 -28 -5 -28 -44 -42 -37 -23 -31 -14 -8 -17 -11 -37 -6 -16 -10 -22 -1 -3 -12 -17 -11 -13 -6 -3 -2 9 6 27 1 5 143 -9999 -9999 -9999 -9999 -9999 -9999 -9999 -9999 -9999 -9999 -9999 -9999 -9999 -9999 -9999 -9999
-22 -4 -16 -31 -9 -10 -34 5 -22 -18 -16 -49 -27 -28 -32 -27 -13 -14 -16 4 -4 2 -2 -7 -4 -21 5 -7 -6 -24 -23 -13 -7 15 9 -2 -26 -27 -6 -28 -22 -6 -32 -29 -34 -23 -26 -32 -36 -29 -7 -38 -31 -36 -36 -9 -13 -17 -8 -24 -26 -14 8 10 -14 -19 -21 -24 -20 -11 -10 -14 -7 -9 34 28 22 35 -2 53 -9999 -9999 -9999 -9999 -9999 -9999 -9999 -9999 -9999 -9999 -9999 -9999 -9999 -9999 -9999 -9999
-21 -7 -8 -46 -4 -17 -34 0 -23 -18 -22 -42 -22 -28 -27 -21 -29 -18 -17 -12 -3 -6 -4 7 -6 -10 -6 -3 0 -3 -22 30 -15 -8 -11 -31 -28 -26 -22 -6 -33 -36 -35 -34 -37 -30 -15 -29 -34 -36 -22 -25 -38 -35 -29 -19 -28 -14 -23 -45 -34 -27 -10 -26 -31 -14 -13 -14 -17 -10 2 -10 -7 -13 -14 16 19 16 53 60 -9999 -9999 -9999 -9999 -9999 -9999 -9999 -9999 -9999 -9999 -9999 -9999 -9999 -9999 -9999 -9999
22 -6 -9 -7 -12 -15 -30 -9 -13 -21 -17 -5 -17 -17 -11 -14 -31 -7 -11 12 -16 -7 -26 -9 -10 -15 -3 -2 0 20 4 33 -15 -20 -13 -20 -28 -35 -34 -25 -38 -20 -14 -23 -35 -28 -30 -19 -38 -37 -23 -13 -27 -33 -33 -23 -22 -21 0 22 -30 -20 -8 -30 -37 -7 -16 -23 -12 -15 -1 -13 -10 -13 -9 14 29 18 27 13 -9999 -9999 -9999 -9999 -9999 -9999 -9999 -9999 -9999 -9999 -9999 -9999 -9999 -9999 -9999 -9999
-14 -2 5 -47 0 -6 -35 -44 8 31 -20 -6 -10 -4 -4 -14 -32 -26 -43 -29 -15 -16 -4 -15 0 -12 -9 19 28 7 -6 -12 -4 -23 -14 -14 -25 -28 -30 -11 -10 -20 -30 -39 -28 -27 -40 -22 -27 -15 -34 -31 -25 -23 -20 -20 7 -2 -23 -4 -23 -20 5 -39 -37 -13 -19 -23 -17 -23 -11 -4 0 -10 -7 21 27 54 31 29 121 -9999 -9999 -9999 -9999 -9999 -9999 -9999 -9999 -9999 -9999 -9999 -9999 -9999 -9999 -9999
-15 -21 -6 -12 -4 -8 -20 -46 14 -6 -9 -5 -11 -6 -12 -23 -30 -19 -20 -3 -24 -18 -20 -20 -7 -6 28 10 99 2 -3 -17 -6 -18 -16 -16 -19 -29 -22 -34 -20 -22 -37 -36 -21 -31 -32 -35 -19 -37 -43 -37 -35 -5 -43 -36 -33 -23 -46 -16 -25 -20 -17 -22 -33 -9 -24 -33 -27 -16 -9 2 5 7 32 29 22 20 17 17 19 -9999 -9999 -9999 -9999 -9999 -9999 -9999 -9999 -9999 -9999 -9999 -9999 -9999 -9999 -9999
10 -18 -17 -14 -56 -14 -4 -31 -40 -17 -11 -10 -5 -12 -18 -21 -25 -3 0 0 0 -17 -13 -20 11 -3 -4 -2 0 -12 -5 -5 -17 -13 -23 -22 -32 -33 -33 -39 -32 -16 -32 -35 -25 -34 -34 -15 -37 -50 -45 -41 -43 -22 -7 -11 -23 -17 -20 -16 -21 -33 -30 -23 -34 -19 -11 -24 -20 -16 -5 0 11 10 15 14 35 31 11 4 23 49 -9999 -9999 -9999 -9999 -9999 -9999 -9999 -9999 -9999 -9999 -9999 -9999 -9999 -9999
6 73 -10 -13 -38 -15 3 -13 -17 -28 -12 -17 -7 -18 -13 -16 -25 -24 -18 -6 -4 11 47 -11 -2 -5 -8 -11 -1 -12 -14 -11 -17 -13 -20 -23 -18 -19 -33 -38 -36 -33 -24 -35 -30 -18 -26 -20 -22 -43 -51 -44 -44 -43 -46 -45 -35 -20 -40 -40 -39 -34 -16 -12 -28 -29 -17 -13 -13 0 -9 2 2 9 15 21 8 31 12 2 9 23 32 -9999 -9999 -9999 -9999 -9999 -9999 -9999 -9999 -9999 -9999 -9999 -9999 -9999
-5 99 -15 -19 -4 -2 -12 -15 -15 -10 -36 -15 -12 -16 -15 -18 -22 -28 2 -13 26 -1 -17 -22 -16 -6 -9 -6 0 -7 -15 -11 -14 -15 -15 -15 -14 -7 -24 -32 -35 -29 -21 -35 -39 -21 -26 -33 -25 -34 -46 -44 -44 -40 -37 -34 -24 -27 -27 -26 -13 -12 -36 -22 -30 -28 -8 -17 -1 -10 -2 -4 0 10 22 49 15 33 36 25 19 13 20 38 -9999 -9999 -9999 -9999 -9999 -9999 -9999 -9999 -9999 -9999 -9999 -9999
-3 64 -4 9 -3 -18 -22 -8 -16 -10 -11 -3 -18 -8 -17 -14 -13 -1 54 18 6 6 -1 -5 -15 -21 -7 -9 -6 -5 -15 -12 -15 -15 -18 -15 -19 -14 -13 -23 -21 -28 -21 -28 -15 -19 -34 -38 -33 -18 -27 -39 -37 -30 -40 -60 -56 -54 -1 -10 7 -51 -31 -26 23 -26 -26 -18 -21 -14 -2 0 1 18 27 22 29 30 32 29 33 27 42 40 29 50 -9999 -9999 -9999 -9999 -9999 -9999 -9999 -9999 -9999 -9999
10 40 -13 -26 -28 -16 -16 -11 -8 -3 -14 -15 -18 -13 -8 -8 38 -31 -8 -20 -18 -23 -12 -13 -26 -12 -8 -5 -6 -7 -5 -14 -13 -8 -12 -28 -20 -17 -9 -12 -24 -40 -22 -14 -27 -18 -27 -32 -33 -31 -21 -24 -31 -27 -25 -23 -19 -3 9 -44 -34 -17 -13 -20 -24 -37 -25 -13 -20 -16 -8 -4 10 23 52 31 47 52 24 26 26 14 14 14 16 4 43 -9999 -9999 -9999 -9999 -9999 -9999 -9999 -9999 -9999
34 9 -17 -25 -19 -20 -13 -8 -12 -12 -23 -16 -18 -5 39 -12 -18 -14 -14 -6 -15 -19 -25 -9 -10 -10 -11 -2 -7 -10 -3 -17 -17 -10 -13 -18 -21 -21 -10 -12 -3 -14 -18 -14 -15 -19 -12 -17 -23 -28 -21 -10 -19 -20 -21 -9 -16 -19 -24 -15 -9999 -22 -31 -4 -23 -36 -32 -27 -22 -20 -10 11 -9 31 37 25 34 38 30 22 17 7 17 18 18 23 9 27 -9999 -9999 -9999 -9999 -9999 -9999 -9999 -9999
3 -1 54 -10 -19 -34 -12 -10 -4 0 -7 -10 38 14 -22 -24 -22 8 5 2 2 -10 -15 -10 -18 -15 -12 -10 -3 -11 -14 -6 -31 -18 -12 -17 -7 -4 -34 -13 -20 -28 -11 -20 -8 -12 -15 1 -9 -25 -26 -21 -10 -23 -55 -51 -42 -44 -43 -29 -11 -22 -19 -29 0 -10 -37 -18 -14 -2 2 10 13 38 10 11 17 58 11 19 12 15 10 12 20 27 22 16 10 120 -9999 -9999 -9999 -9999 -9999 -9999
-15 -23 -10 -14 -16 11 39 -1 -7 10 29 -57 1 -14 -19 -24 -18 -8 -22 -8 5 -10 -4 -27 -13 -20 -13 -8 0 -14 -17 -9 -21 -22 -15 -10 -20 -16 -19 -10 -22 -15 -14 0 -17 -11 -10 -7 -4 -17 -28 -31 -18 -9 -48 -44 -41 -48 -55 -52 -28 -37 -39 -8 -28 -22 -10 0 -16 -17 -11 0 34 18 1 11 10 22 21 14 14 1 0 -3 31 7 54 36 25 32 153 -9999 -9999 -9999 -9999 -9999
-20 -13 -11 -20 -7 -8 -7 -8 -10 8 19 6 -21 0 -26 -29 -27 -31 -13 -8 -7 -1 -8 -6 -4 -17 -20 -11 -12 -12 -20 -17 9 -14 -16 -23 -22 -18 -23 -12 -27 -27 -16 -14 -2 -9 -1 -10 -5 -6 -23 -37 -37 -20 -18 -33 -42 -47 -30 -57 -50 -46 -39 -23 0 -21 -37 -37 -30 -27 -16 -1 51 5 -7 -7 -1 -11 14 6 4 -3 -3 10 1 28 28 25 46 31 22 -9999 -9999 -9999 -9999 -9999
-14 -22 -17 -17 -23 -17 -12 -35 11 -15 -13 -21 -23 -10 -18 -27 -30 -21 -13 -15 -19 -12 -14 -15 -18 -17 -21 -18 -11 -10 -14 -7 -11 -6 -19 -28 -27 -21 -19 -25 -20 -17 -18 -20 -20 -7 -15 0 -13 -12 -9 -26 -29 -24 -13 -8 -30 -29 -22 -19 -14 -19 -32 -48 -7 -46 -50 -40 -38 -33 -23 21 11 -7 -19 -6 5 8 6 34 12 5 5 1 29 41 17 23 40 44 23 19 -9999 -9999 -9999 -9999
-20 -23 -18 -15 -14 0 -3 -17 -14 -14 -13 -21 -27 -17 -7 -28 -22 -27 2 0 -6 -4 -6 -11 -11 -18 -14 -23 -2 2 -7 -15 -16 -17 -19 -26 -31 -27 -32 -29 -31 -23 -23 -20 -11 -19 -15 -16 -5 -17 -14 -11 -25 -20 -36 -20 -3 -31 -38 -10 -11 -20 -42 -36 -27 -36 -41 -41 -40 -32 -3 47 -19 -14 -11 -12 11 0 3 7 12 6 18 23 28 18 18 37 16 50 25 1 120 -9999 -9999 -9999
-22 -12 -7 -29 13 -18 -19 -23 -19 -11 -26 -17 -25 -36 -16 -22 -29 -28 -23 -23 -20 -18 -8 -10 -13 3 -3 -2 -7 -8 -10 -13 -15 -20 -14 -21 -23 -32 -24 -20 -33 -17 -21 -25 -26 -18 -15 -8 -16 -15 -19 -13 -9 -15 -11 -25 8 5 -13 -5 -25 -32 -15 -36 -41 -6 -45 -42 -34 -22 42 -3 -20 -18 -16 -7 -18 -10 -1 -7 13 21 11 32 18 22 22 12 38 27 20 7 3 -9999 -9999 -9999
-1 -24 0 -16 -17 -22 -2 -24 -19 -10 -20 -23 -11 -25 -20 0 -33 -31 9 2 -4 -11 -15 -11 -12 -11 -26 -10 -9 -13 -5 -10 -14 -19 -19 -31 -25 -26 -31 -29 -23 -21 -11 -22 -23 -17 -15 -11 -13 -15 -5 -5 -10 2 -17 -28 -32 -51 -50 -23 -21 -12 -6 -28 -20 -19 -38 -35 -31 -15 25 -20 -28 -24 -12 0 -1 -7 1 0 -5 -17 7 -3 5 7 14 24 18 23 35 35 0 54 -9999 -9999
-7 -10 -14 -18 -20 -28 -23 -25 -19 -10 -15 -19 -18 -18 -27 -10 -27 -30 -28 -15 -22 -10 -10 -17 -5 -8 -7 -8 -11 -7 -10 -10 -18 -18 -15 -24 -28 -25 -30 -30 -27 -31 -22 -16 -18 -20 -11 -12 -13 -11 -14 2 4 -11 -21 -32 -20 -28 -32 -31 -48 -41 -20 -7 9 -9 -18 -32 -28 27 0 -25 -28 -29 -14 15 1 3 3 10 7 5 17 0 15 28 17 17 20 26 51 17 7 8 -9999 -9999
-12 -21 -9 -19 -16 -19 -21 -16 -19 -14 -14 -20 -19 -22 -20 -19 9 -30 -6 -4 -13 -23 -21 -28 -26 -13 -10 -15 -3 -11 -17 -12 -14 -30 -22 -16 -12 -21 -34 -28 -23 -16 -15 -16 -16 -35 -22 -12 -7 1 -3 -12 0 -14 -23 -15 -28 -24 -24 -7 7 10 -17 -34 -20 6 -2 -20 0 1 -27 -40 -24 -27 -13 -5 -3 5 3 0 0 3 9 20 14 13 9 14 19 20 42 23 5 -5 147 -9999
-12 -13 -8 -22 -5 -12 -14 -10 -16 -17 -17 -8 -18 -17 -15 -26 -16 -15 -18 -8 -7 -12 -19 -16 -21 -13 -18 -10 -16 -11 -19 -12 -18 -15 -18 -15 -15 -10 -21 -27 -15 -9 -2 -21 -19 -19 -4 -6 -14 -22 -24 -15 -15 -20 -38 -40 -28 -7 -7 -29 -34 -20 -12 16 1 -27 -14 -3 14 -12 -30 -34 -36 -27 -27 -4 -13 -11 -8 -5 -6 3 10 36 21 9 18 22 28 34 45 5 12 9 -1 -9999
-9 -8 -9 -11 -12 -27 -14 -17 -21 -24 -17 -16 -15 -21 0 -15 -18 -18 -29 -21 -10 -27 -27 -25 -24 -33 -11 -15 -14 -20 -10 -17 -12 -16 -19 -21 -19 -12 -15 -27 -34 -19 -7 -20 -16 -19 -15 -15 -22 -26 -20 -18 -9 -17 -9 3 -17 -32 -39 -20 -12 4 -26 -27 -14 15 -19 15 26 -32 -30 -50 -49 -44 -32 -19 -4 -14 -9 -8 -8 -10 -4 10 14 15 15 17 30 23 21 -3 1 2 0 -9999
-15 -23 -17 -20 -18 -12 0 -14 -19 -21 -32 -25 -15 -12 -46 -18 -22 -22 1 -16 -4 -8 -16 -19 -22 -14 -10 -16 -14 -18 -9 -13 -19 -10 -18 -20 -15 -8 -12 -7 3 -14 -3 -7 -7 -3 -10 -21 -28 -12 -11 -7 12 -2 -11 -19 -15 -12 11 2 -11 -19 -10 -2 -7 -1 -10 17 0 -20 -36 -56 -49 -32 5 -11 0 -4 -11 -7 0 -8 4 8 28 18 14 17 19 14 20 11 2 4 8 -9999
-8 -7 -14 -10 -17 -9 -3 -12 -22 -23 -21 -17 -12 -14 -20 -11 -20 -21 -40 -29 -24 -14 -21 -24 -19 -17 -25 -27 -8 -11 -16 -8 -14 -9 -4 -8 -5 -1 3 -9 -13 -29 -21 -17 -17 10 -4 -7 -9 10 -1 -11 -14 -9 -18 -10 -6 -28 -36 -31 -5 4 6 -24 -34 -22 -18 14 -16 -33 -44 -52 -47 -39 -16 -24 12 -15 -13 -12 -6 -10 -12 4 34 9 12 13 14 21 23 29 3 -2 0 135
-20 -14 -16 -19 -18 -22 -17 -10 -11 -14 -12 -19 -11 -11 -13 -50 -20 -21 0 18 -7 -8 -14 -24 -18 -19 -11 -3 -5 -5 -15 0 -10 -11 -5 -3 -5 -24 -12 -23 -3 -14 -33 -13 -12 -9 7 2 -9 -5 -6 -7 -2 7 -10 -19 -34 -22 -24 -2 -32 -35 -30 -26 -8 -22 -27 -11 8 -25 -43 -51 -56 -41 -34 -27 -17 -14 -22 -22 -16 -23 -11 -8 -5 28 20 19 20 21 21 -2 -16 -23 -20 -9
-18 1 -4 -11 -15 -23 -20 -23 -10 -15 -28 -21 -5 -13 -18 -28 -25 -19 -20 -11 -12 -16 -3 -8 -11 -15 -15 -9 -11 -6 -7 -13 -2 -1 -12 -21 -22 -32 -22 -17 -14 -13 -13 -14 -18 -5 -9 -16 -14 13 -2 -7 -2 -3 -4 4 -11 -10 -24 -15 -20 -17 -23 -35 -28 -28 -23 -24 23 -35 -45 -46 -52 -44 -34 -37 -16 -8 -23 -7 -19 -27 -8 -7 1 4 11 8 11 13 9 8 -4 -7 5 1
-3 -19 -19 -30 -29 -28 -28 -16 -12 -18 -19 -29 -18 -15 -10 -12 -40 -14 -3 5 -12 -11 -14 -17 -16 -17 -6 -3 -17 7 0 1 -9 -10 -15 -19 -20 -25 -19 -13 -30 0 -15 -18 -21 -25 -23 -29 -12 -5 -1 -2 5 2 -16 -13 -7 -12 -29 -34 -39 -30 -22 -30 -17 -34 -31 -21 25 -28 -51 -32 -46 -31 -28 -28 -18 13 -12 -10 -12 -12 -3 -5 1 0 0 20 17 25 21 20 21 7 21 13
-17 -19 -24 -31 -36 -27 -31 -24 -19 -15 -23 -31 -20 -12 -12 -17 -25 -67 -11 -1 14 0 0 -2 -3 -7 -9 1 -7 5 -7 -10 -14 -20 -20 -22 -18 -14 4 -1 -7 -15 -27 -23 -28 -21 -20 -18 -11 -10 2 0 -6 0 -15 -21 -30 -28 -34 -17 -1 -25 -37 -21 -25 -31 -35 -30 -30 -19 -34 -31 -23 -6 -26 -18 -15 -10 0 6 7 9 0 8 7 17 16 19 23 16 3 9 15 16 12 15
-21 -29 -38 -35 -28 -29 -19 -23 -19 -14 -20 -19 -18 -17 -30 -17 -20 -26 -20 -6 -3 15 -8 -3 -3 4 12 -2 3 -9 -8 -17 -14 -15 -7 20 -2 -12 -10 -12 -7 -16 -18 -15 -15 -7 -7 21 -3 -5 -9 -17 -10 -4 -8 -4 -14 -14 -23 -21 -24 -30 -18 -22 -18 -38 -29 -8 -47 -14 -40 -40 -39 -29 -15 11 0 3 6 18 1 5 16 5 5 4 7 6 22 22 14 3 1 -1 -7 3
-17 -23 -19 -25 -27 -23 -10 -21 -18 -9 -12 -19 -42 -18 -10 -14 -12 -19 4 -17 -6 12 8 0 0 -4 -2 12 8 -10 -9 -10 3 6 0 -15 -11 -13 -15 0 -11 -11 -21 -16 -9 -20 -9 -11 -13 -15 -14 -12 -7 10 9 -14 -10 -29 -24 -24 -20 -15 -21 -29 -24 -15 -26 -26 -46 -9 -34 -37 -32 -34 -30 -19 -22 -23 11 9 8 0 3 5 0 0 -1 12 26 18 6 1 4 10 10 4
-10 -2 2 -16 -8 -1 -6 -17 -22 -21 -3 -15 -12 -12 -14 -61 -13 -16 -43 -14 1 9 1 0 -6 -9 -13 1 9 6 23 5 -6 -8 -15 -15 -18 -39 -43 -36 -36 -10 -6 -9 -15 -17 -17 -9 -17 -18 -10 8 -31 -6 -20 -8 -5 -18 -22 -33 -39 -22 -28 -8 -12 -36 -27 -22 -44 -2 -30 -34 -24 -25 -3 7 -12 1 12 -4 -12 -7 -7 -12 -4 -10 0 6 11 8 10 -9 0 7 6 0
5 -10 0 -10 -8 -10 -8 -3 4 -11 -9 -14 -18 -34 -16 -8 -11 -2 2 -6 1 0 0 -10 -14 -12 -6 32 8 6 -1 -8 -7 -16 -11 -18 -24 -21 -5 -13 -11 -10 -13 -11 -17 -21 -32 -16 -10 -17 5 -2 -4 -1 -41 -33 -38 -33 -20 -28 -1 -14 -27 -27 -27 -22 -18 -1 -47 -3 -27 -26 -35 -35 -42 -18 -15 -16 2 -8 -3 -4 3 -5 3 -2 -6 5 22 11 17 0 -7 -5 5 9
-15 -3 -5 -14 -5 10 5 -19 -13 -12 -12 -18 -16 -11 -12 -3 -6 -19 -13 -12 -23 -10 -5 -3 4 5 2 -2 -5 -4 -1 -10 -13 -13 -10 -3 7 -12 -20 -22 -20 -25 -17 -7 -11 3 -16 -6 -8 -9 -12 -21 -10 0 5 3 -11 6 -9 -9 -4 -2 -7 1 1 -22 -14 -10 -44 -15 -16 -26 -25 -46 -10 1 8 0 10 -4 -10 -11 -6 -5 -3 -8 -10 7 9 3 10 -7 -10 -2 -2 2
-10 -10 -6 -6 -24 -2 -7 -5 -8 -10 -15 -12 -18 -24 -16 -21 -29 -27 -20 -13 -6 -5 1 3 -8 -12 -9 -16 -11 -5 0 -2 -3 17 0 1 -6 -14 -18 -22 -5 -8 -4 -28 -4 -14 -14 -13 -22 -15 -10 -4 0 3 -16 -22 -8 -8 -24 -14 -18 -21 -26 -27 -31 -23 -20 -7 -28 -6 -18 -25 -36 -24 -30 -13 -31 -16 -18 -10 -2 -13 -28 -20 -18 -26 -10 5 21 18 15 6 9 12 10 24
-17 -21 -5 -11 -7 -3 -17 -11 -12 -2 -4 -12 -12 -21 -25 -24 -25 -18 -16 -4 -16 0 -5 -16 -18 -28 -15 -13 -13 -6 14 -11 1 -6 -7 -19 -14 -14 -17 -9 -29 -14 -14 -15 -10 -21 -25 -16 -15 -4 -5 -8 -9 -8 -13 -11 -11 -3 14 0 -1 -3 -33 -37 -36 -31 -16 -6 7 -3 -13 -16 -26 -27 -13 -5 -2 -7 -1 -1 0 -13 -11 -12 -11 -10 -9 -1 14 14 8 6 6 2 9 28
-22 -13 -16 -17 -8 -10 -11 -7 2 -14 -14 -20 -24 -24 -24 -21 -5 -31 -19 -21 -19 -11 -27 -16 -12 -19 -22 -4 -5 -1 -3 -4 -16 -9 -8 -14 -2 -2 -2 -11 -23 -18 -18 -19 -20 -11 10 -8 -5 -7 -7 -7 -4 3 -16 7 -2 -1 -19 -20 -19 -9 1 5 -5 -14 -8 1 -3 25 -9 -17 -24 -18 -16 -11 -3 -6 4 8 1 3 -5 -13 -11 -3 1 6 14 13 14 5 22 7 17 3
-33 -27 -15 -11 -7 6 0 -12 -15 -20 -9 -10 -21 -15 4 -16 -12 -23 -21 -18 -8 -10 -28 -17 -10 8 0 -6 -9 -21 -4 -5 -6 0 -9 -1 -9 -9 -12 -5 -11 -16 -13 21 -2 -11 -10 -11 -9 -7 -9 0 3 3 -1 -20 -21 -4 -19 0 -13 -16 -16 13 -14 12 -8 0 0 41 -11 -6 -17 -18 -28 -7 -1 -2 11 14 0 -4 -5 -9 -9 -10 -7 -12 9 11 12 -2 15 19 18 9
