02 Retentie/Model student/CF-E4.lit/FIXED/dem25haren.asc
ncols         206
nrows         289
xllcorner     237027.652
yllcorner     571087
cellsize      25
NODATA_value  -9999
[rows 44 to 87 of 289, columns 0 to 95 of 206]
-9999 -9999 -9999 -9999 -9999 -9999 -9999 -9999 -9999 -9999 -9999 -9999 -9999 -9999 -9999 -9999 -9999 -9999 -9999 -9999 -9999 -9999 -9999 -9999 -9999 -9999 -9999 -9999 -9999 -9999 -9999 -9999 -9999 -9999 -9999 -9999 -9999 -9999 -9999 -9999 -9999 -9999 -9999 -9999 -9999 -9999 -9999 -9999 -9999 -9999 -9999 -9999 -9999 -9999 -9999 -9999 -9999 -9999 -9999 -9999 -9999 -9999 -9999 -9999 -9999 -9999 78 23 -12 0 7 7 1 0 8 7 10 23 13 2 0 9 -8 0 3 0 -1 -21 15 7 -6 -33 -31 -10 1 -11
-9999 -9999 -9999 -9999 -9999 -9999 -9999 -9999 -9999 -9999 -9999 -9999 -9999 -9999 -9999 -9999 -9999 -9999 -9999 -9999 -9999 -9999 -9999 -9999 -9999 -9999 -9999 -9999 -9999 -9999 -9999 -9999 -9999 -9999 -9999 -9999 -9999 -9999 -9999 -9999 -9999 -9999 -9999 -9999 -9999 -9999 -9999 -9999 -9999 -9999 -9999 -9999 -9999 -9999 -9999 -9999 -9999 -9999 -9999 -9999 -9999 -9999 -9999 -9999 -9999 -9999 146 -2 1 5 9 -5 4 3 5 12 -3 7 2 0 8 11 2 -9 4 0 -3 -1 -7 7 -29 -17 -20 -15 -5 -10
-9999 -9999 -9999 -9999 -9999 -9999 -9999 -9999 -9999 -9999 -9999 -9999 -9999 -9999 -9999 -9999 -9999 -9999 -9999 -9999 -9999 -9999 -9999 -9999 -9999 -9999 -9999 -9999 -9999 -9999 -9999 -9999 -9999 -9999 -9999 -9999 -9999 -9999 -9999 -9999 -9999 -9999 -9999 -9999 -9999 -9999 -9999 -9999 -9999 -9999 -9999 -9999 -9999 -9999 -9999 -9999 -9999 -9999 -9999 -9999 -9999 -9999 -9999 -9999 -9999 50 20 -4 -5 3 9 16 11 13 8 4 8 1 -7 -7 -4 -27 1 10 9 -4 0 -5 4 -25 -12 -7 -11 -1 -4 -1
-9999 -9999 -9999 -9999 -9999 -9999 -9999 -9999 -9999 -9999 -9999 -9999 -9999 -9999 -9999 -9999 -9999 -9999 -9999 -9999 -9999 -9999 -9999 -9999 -9999 -9999 -9999 -9999 -9999 -9999 -9999 -9999 -9999 -9999 -9999 -9999 -9999 -9999 -9999 -9999 -9999 -9999 -9999 -9999 -9999 -9999 -9999 -9999 -9999 -9999 -9999 -9999 -9999 -9999 -9999 -9999 -9999 -9999 -9999 -9999 -9999 -9999 -9999 -9999 -9999 155 48 7 5 10 8 -6 10 0 17 17 5 1 2 7 11 -2 -2 -3 3 0 -20 -5 6 -9 -8 -11 0 -7 -6 -10
-9999 -9999 -9999 -9999 -9999 -9999 -9999 -9999 -9999 -9999 -9999 -9999 -9999 -9999 -9999 -9999 -9999 -9999 -9999 -9999 -9999 -9999 -9999 -9999 -9999 -9999 -9999 -9999 -9999 -9999 -9999 -9999 -9999 -9999 -9999 -9999 -9999 -9999 -9999 -9999 -9999 -9999 -9999 -9999 -9999 -9999 -9999 -9999 -9999 -9999 -9999 -9999 -9999 -9999 -9999 -9999 -9999 -9999 -9999 -9999 -9999 -9999 -9999 -9999 -9999 50 -4 2 40 3 -13 0 58 -17 -11 13 13 5 -10 -5 -9 -6 15 -2 -1 -7 3 -2 -9 -12 -1 -12 -13 -9 -11 -9
-9999 -9999 -9999 -9999 -9999 -9999 -9999 -9999 -9999 -9999 -9999 -9999 -9999 -9999 -9999 -9999 -9999 -9999 -9999 -9999 -9999 -9999 -9999 -9999 -9999 -9999 -9999 -9999 -9999 -9999 -9999 -9999 -9999 -9999 -9999 -9999 -9999 -9999 -9999 -9999 -9999 -9999 -9999 -9999 -9999 -9999 -9999 -9999 -9999 -9999 -9999 -9999 -9999 -9999 -9999 -9999 -9999 -9999 -9999 -9999 -9999 -9999 -9999 -9999 154 0 5 8 12 -4 -4 -1 -1 2 13 20 9 7 7 1 -4 -3 -1 0 -1 -5 -1 -7 -13 -17 -15 -31 -13 -18 -11 4
-9999 -9999 -9999 -9999 -9999 -9999 -9999 -9999 -9999 -9999 -9999 -9999 -9999 -9999 -9999 -9999 -9999 -9999 -9999 -9999 -9999 -9999 -9999 -9999 -9999 -9999 -9999 -9999 -9999 -9999 -9999 -9999 -9999 -9999 -9999 -9999 -9999 -9999 -9999 -9999 -9999 -9999 -9999 -9999 -9999 -9999 -9999 -9999 -9999 -9999 -9999 -9999 -9999 -9999 -9999 -9999 -9999 -9999 -9999 -9999 -9999 -9999 58 97 155 -4 -9 3 -4 -5 0 15 -4 3 -12 -6 7 -16 8 -5 -4 8 3 0 0 9 -25 -20 -13 -13 -19 -15 -19 -12 -8 -24
-9999 -9999 -9999 -9999 -9999 -9999 -9999 -9999 -9999 -9999 -9999 -9999 -9999 -9999 -9999 -9999 -9999 -9999 -9999 -9999 -9999 -9999 -9999 -9999 -9999 -9999 -9999 -9999 -9999 -9999 -9999 -9999 -9999 -9999 -9999 -9999 -9999 -9999 -9999 -9999 -9999 -9999 -9999 -9999 -9999 -9999 -9999 -9999 -9999 -9999 -9999 -9999 -9999 -9999 -9999 -9999 -9999 -9999 -9999 -9999 87 11 35 146 102 8 7 4 -4 -2 13 2 -7 -5 40 17 7 -16 4 -16 -10 -8 -4 -1 0 -33 -11 -11 -15 -18 -10 -16 -17 -11 -11 -7
-9999 -9999 -9999 -9999 -9999 -9999 -9999 -9999 -9999 -9999 -9999 -9999 -9999 -9999 -9999 -9999 -9999 -9999 -9999 -9999 -9999 -9999 -9999 -9999 -9999 -9999 -9999 -9999 -9999 -9999 -9999 -9999 -9999 -9999 -9999 -9999 -9999 -9999 -9999 -9999 -9999 -9999 -9999 -9999 -9999 -9999 -9999 -9999 -9999 -9999 -9999 -9999 -9999 -9999 -9999 -9999 -9999 -9999 64 18 16 32 34 187 5 -1 -18 -8 -2 -1 9 6 -5 121 -2 4 28 0 16 7 -1 5 1 10 45 52 -7 -14 -15 -40 -9 -15 -15 -15 -15 -10
-9999 -9999 -9999 -9999 -9999 -9999 -9999 -9999 -9999 -9999 -9999 -9999 -9999 -9999 -9999 -9999 -9999 -9999 -9999 -9999 -9999 -9999 -9999 -9999 -9999 -9999 -9999 -9999 -9999 -9999 -9999 -9999 -9999 -9999 -9999 -9999 -9999 -9999 -9999 -9999 -9999 -9999 -9999 -9999 -9999 -9999 -9999 -9999 -9999 -9999 -9999 -9999 -9999 -9999 5 18 13 10 2 26 22 27 143 6 -1 0 -7 4 2 2 -7 15 14 21 3 27 -15 22 16 1 -2 -1 1 23 -25 -1 -11 -11 -14 -13 -6 -5 -10 -11 -6 -3
-9999 -9999 -9999 -9999 -9999 -9999 -9999 -9999 -9999 -9999 -9999 -9999 -9999 -9999 -9999 -9999 -9999 -9999 -9999 -9999 -9999 -9999 -9999 -9999 -9999 -9999 -9999 -9999 -9999 -9999 -9999 -9999 -9999 -9999 -9999 -9999 -9999 -9999 -9999 -9999 -9999 -9999 -9999 -9999 -9999 -9999 -9999 -9999 -9999 -9999 120 126 137 95 59 20 -6 3 10 38 31 119 160 4 2 -1 0 3 -11 -5 3 -7 -5 -10 22 28 -6 23 19 -3 2 -3 -4 -6 7 -6 -8 -12 -13 -14 -7 -1 -5 -3 -14 -9
-9999 -9999 -9999 -9999 -9999 -9999 -9999 -9999 -9999 -9999 -9999 -9999 -9999 -9999 -9999 -9999 -9999 -9999 -9999 -9999 -9999 -9999 -9999 -9999 -9999 -9999 -9999 -9999 -9999 -9999 -9999 -9999 -9999 -9999 -9999 -9999 -9999 -9999 -9999 -9999 -9999 -9999 -9999 -9999 -9999 -9999 -9999 -9999 -9999 119 157 107 158 142 -9 18 21 16 13 41 54 191 24 8 9 10 5 -14 -3 -20 -7 33 0 -9 15 -4 29 2 -13 4 8 6 2 -18 -4 -3 -6 -22 -7 -12 -7 -5 12 -15 -7 -11
-9999 -9999 -9999 -9999 -9999 -9999 -9999 -9999 -9999 -9999 -9999 -9999 -9999 -9999 -9999 -9999 -9999 -9999 -9999 -9999 -9999 -9999 -9999 -9999 -9999 -9999 -9999 -9999 -9999 -9999 -9999 -9999 -9999 -9999 -9999 -9999 -9999 -9999 -9999 -9999 -9999 -9999 -9999 -9999 -9999 -9999 -9999 -9999 125 160 137 146 141 155 151 103 32 22 29 42 115 30 28 14 11 7 12 2 -7 5 -21 11 -15 -3 -12 22 8 -10 -15 -4 -2 -3 -30 12 1 -16 -7 -10 -5 -5 -10 -2 -20 -6 3 -11
-9999 -9999 -9999 -9999 -9999 -9999 -9999 -9999 -9999 -9999 -9999 -9999 -9999 -9999 -9999 -9999 -9999 -9999 -9999 -9999 -9999 -9999 -9999 -9999 -9999 -9999 -9999 -9999 -9999 -9999 -9999 -9999 -9999 -9999 -9999 -9999 -9999 -9999 -9999 -9999 -9999 -9999 -9999 -9999 -9999 -9999 -9999 134 150 125 147 154 163 157 151 171 31 34 31 40 134 41 14 20 4 11 24 -18 0 -11 26 10 -7 19 -3 5 3 2 -7 -25 0 14 6 -6 0 -8 8 -8 -12 -3 -17 -16 -8 0 -5 -17
-9999 -9999 -9999 -9999 -9999 -9999 -9999 -9999 -9999 -9999 -9999 -9999 -9999 -9999 -9999 -9999 -9999 -9999 -9999 -9999 -9999 -9999 -9999 -9999 -9999 -9999 -9999 -9999 -9999 -9999 -9999 -9999 -9999 -9999 -9999 -9999 -9999 -9999 -9999 -9999 -9999 -9999 -9999 -9999 -9999 -9999 125 127 137 129 135 155 147 132 123 151 130 37 21 142 56 45 0 13 17 -1 1 9 -7 17 23 8 -5 2 37 -15 9 14 5 -30 0 -31 -1 -5 -7 -9 -10 -10 -29 -11 -25 -12 -8 0 -28 -28
-9999 -9999 -9999 -9999 -9999 -9999 -9999 -9999 -9999 -9999 -9999 -9999 -9999 -9999 -9999 -9999 -9999 -9999 -9999 -9999 -9999 -9999 -9999 -9999 -9999 -9999 -9999 -9999 -9999 -9999 -9999 -9999 -9999 -9999 -9999 -9999 -9999 -9999 -9999 -9999 -9999 -9999 -9999 -9999 -9999 134 140 159 148 156 135 115 119 147 160 116 137 21 133 51 20 -13 23 12 -8 -8 -3 9 -7 20 20 -9 22 16 7 -12 14 19 6 -25 -33 14 -3 -6 -6 -8 -12 -15 -20 -35 -25 -5 11 -10 -11 -36
-9999 -9999 -9999 -9999 -9999 -9999 -9999 -9999 -9999 -9999 -9999 -9999 -9999 -9999 -9999 -9999 -9999 -9999 -9999 -9999 -9999 -9999 -9999 -9999 -9999 -9999 -9999 -9999 -9999 -9999 -9999 -9999 -9999 -9999 -9999 -9999 -9999 -9999 -9999 -9999 -9999 -9999 -9999 -9999 125 162 156 170 125 148 142 139 103 150 144 150 130 126 137 13 3 12 37 19 6 -12 -17 -20 -41 -11 25 0 20 26 15 41 16 23 -17 -23 -10 1 -6 -5 -18 -10 -4 -24 -14 -43 -18 -8 -13 -10 -7 -9
-9999 -9999 -9999 -9999 -9999 -9999 -9999 -9999 -9999 -9999 -9999 -9999 -9999 -9999 -9999 -9999 -9999 -9999 -9999 -9999 -9999 -9999 -9999 -9999 -9999 -9999 -9999 -9999 -9999 -9999 -9999 -9999 -9999 -9999 -9999 -9999 -9999 -9999 -9999 -9999 -9999 -9999 -9999 146 157 185 162 133 161 136 146 125 125 110 116 120 169 154 45 17 35 40 41 -13 20 1 -7 1 -3 3 10 41 8 14 16 10 28 -2 16 -14 2 6 6 0 0 1 -3 -21 -17 -14 -14 -11 -15 -10 -9 0
-9999 -9999 -9999 -9999 -9999 -9999 -9999 -9999 -9999 -9999 -9999 -9999 -9999 -9999 -9999 -9999 -9999 -9999 -9999 -9999 -9999 -9999 -9999 -9999 -9999 -9999 -9999 -9999 -9999 -9999 -9999 -9999 -9999 -9999 -9999 -9999 -9999 -9999 -9999 -9999 -9999 -9999 182 175 194 190 153 149 144 117 105 122 117 146 129 119 136 118 39 30 28 70 64 48 20 -1 14 38 3 10 8 0 18 11 3 5 30 25 -8 -1 0 -4 -9 4 2 1 -5 -14 -24 -13 -6 -5 -13 -1 -6 -9
-9999 -9999 -9999 -9999 -9999 -9999 -9999 -9999 -9999 -9999 -9999 -9999 -9999 -9999 -9999 -9999 -9999 -9999 -9999 -9999 -9999 -9999 -9999 -9999 -9999 -9999 -9999 -9999 -9999 -9999 -9999 -9999 -9999 -9999 -9999 -9999 -9999 -9999 -9999 -9999 -9999 -9999 146 178 164 101 127 135 143 111 126 129 172 99 145 50 143 58 41 49 65 92 24 81 53 17 14 16 13 12 -5 3 13 -16 1 2 7 0 3 -4 -1 3 -18 -3 -6 -50 -15 -20 -4 -15 -7 -12 -7 -5 -5 -1
-9999 -9999 -9999 -9999 -9999 -9999 -9999 -9999 -9999 -9999 -9999 -9999 -9999 -9999 -9999 -9999 -9999 -9999 -9999 -9999 -9999 -9999 -9999 -9999 -9999 -9999 -9999 -9999 -9999 -9999 -9999 -9999 -9999 -9999 -9999 -9999 -9999 -9999 -9999 -9999 -9999 138 201 160 178 161 159 145 118 113 125 149 133 98 98 160 105 72 62 66 85 103 119 110 80 39 28 25 23 41 15 15 2 5 8 -10 8 0 19 1 0 2 -20 -1 -4 -16 -8 -9 -10 -10 -10 -5 -10 -5 1 -7
-9999 -9999 -9999 -9999 -9999 -9999 -9999 -9999 -9999 -9999 -9999 -9999 -9999 -9999 -9999 -9999 -9999 -9999 -9999 -9999 -9999 -9999 -9999 -9999 -9999 -9999 -9999 -9999 -9999 -9999 -9999 -9999 -9999 -9999 -9999 -9999 -9999 -9999 -9999 -9999 148 157 199 163 148 171 148 156 113 132 135 120 129 151 151 134 81 77 71 72 77 66 106 119 76 23 23 13 30 17 37 46 15 11 17 9 -22 12 -19 -5 0 25 -5 -2 15 -20 -11 -4 -13 -2 -1 -5 0 -15 -5 -1
-9999 -9999 -9999 -9999 -9999 -9999 -9999 -9999 -9999 -9999 -9999 -9999 -9999 -9999 -9999 -9999 -9999 -9999 -9999 -9999 -9999 -9999 -9999 -9999 -9999 -9999 -9999 -9999 -9999 -9999 -9999 -9999 -9999 -9999 -9999 -9999 -9999 -9999 -9999 141 165 184 182 179 169 145 142 142 115 123 123 109 122 138 133 96 93 87 82 79 68 87 85 101 65 19 -2 -16 4 -31 -9 20 7 8 7 14 0 19 -22 -9 -11 -6 -12 -15 -1 -6 -2 17 11 -9 -10 -15 -17 1 -1 -6
-9999 -9999 -9999 -9999 -9999 -9999 -9999 -9999 -9999 -9999 -9999 -9999 -9999 -9999 -9999 -9999 -9999 -9999 -9999 -9999 -9999 -9999 -9999 -9999 -9999 -9999 -9999 -9999 -9999 -9999 -9999 -9999 -9999 -9999 -9999 -9999 -9999 -9999 132 175 182 165 166 176 169 172 123 151 100 96 114 113 99 163 147 119 107 103 100 101 52 99 108 92 64 27 2 6 -47 -13 -9 0 2 9 11 -20 11 9 -2 20 17 -1 -2 -6 -8 -10 5 5 -2 -6 -5 -7 -8 -5 0 17
-9999 -9999 -9999 -9999 -9999 -9999 -9999 -9999 -9999 -9999 -9999 -9999 -9999 -9999 -9999 -9999 -9999 -9999 -9999 -9999 -9999 -9999 -9999 -9999 -9999 -9999 -9999 -9999 -9999 -9999 -9999 -9999 -9999 -9999 -9999 -9999 -9999 145 180 183 165 147 173 184 174 150 142 207 163 84 132 117 169 162 126 108 124 128 131 128 76 93 118 68 86 29 2 -2 -22 -1 10 3 5 7 -1 -9 15 4 -1 -2 -1 -2 -2 -16 -8 7 1 0 1 -4 -10 -8 -8 -7 0 -5
-9999 -9999 -9999 -9999 -9999 -9999 -9999 -9999 -9999 -9999 -9999 -9999 -9999 -9999 -9999 -9999 -9999 -9999 -9999 -9999 -9999 -9999 -9999 -9999 -9999 -9999 -9999 -9999 -9999 -9999 -9999 -9999 -9999 -9999 -9999 -9999 139 178 203 189 193 175 175 168 179 131 164 137 155 155 114 169 125 157 125 131 126 127 117 122 113 98 106 122 103 82 31 21 -25 37 12 12 5 4 6 30 11 5 -6 1 0 0 5 -4 -5 6 23 1 -9 0 -8 -7 -9 -8 -2 0
-9999 -9999 -9999 -9999 -9999 -9999 -9999 -9999 -9999 -9999 -9999 -9999 -9999 -9999 -9999 -9999 -9999 -9999 -9999 -9999 -9999 -9999 -9999 -9999 -9999 -9999 -9999 -9999 -9999 -9999 -9999 -9999 -9999 -9999 -9999 135 196 192 201 197 170 184 176 190 137 150 166 176 136 239 113 161 153 137 145 139 135 136 121 112 116 105 95 113 64 97 65 13 -15 7 -2 0 9 3 44 11 8 8 31 1 6 -2 -1 -13 0 15 1 -3 0 -10 -10 -11 -17 -32 -8 -6
-9999 -9999 -9999 -9999 -9999 -9999 -9999 -9999 -9999 -9999 -9999 -9999 -9999 -9999 -9999 -9999 -9999 -9999 -9999 -9999 -9999 -9999 -9999 -9999 -9999 -9999 -9999 -9999 -9999 -9999 -9999 -9999 -9999 -9999 -9999 -9999 176 181 181 165 178 154 177 135 149 161 164 139 172 152 158 145 152 147 140 136 149 123 111 115 108 105 94 94 111 103 66 27 9 12 5 -13 3 12 15 -3 9 10 2 1 11 -2 1 0 -3 -1 -18 -13 -5 -10 -5 -13 -20 -3 -23 -9
-9999 -9999 -9999 -9999 -9999 -9999 -9999 -9999 -9999 -9999 -9999 -9999 -9999 -9999 -9999 -9999 -9999 -9999 -9999 -9999 -9999 -9999 -9999 -9999 -9999 -9999 -9999 -9999 -9999 -9999 -9999 -9999 -9999 -9999 -9999 -9999 136 153 157 187 169 176 148 138 142 129 157 180 120 167 183 137 138 125 127 126 134 128 128 126 87 76 90 81 110 71 93 59 8 -6 17 6 -1 9 12 14 17 7 5 -1 0 -12 -27 -8 -7 -6 -30 -29 -18 -12 -7 -10 -19 -4 -7 -6
-9999 -9999 -9999 -9999 -9999 -9999 -9999 -9999 -9999 -9999 -9999 -9999 -9999 -9999 -9999 -9999 -9999 -9999 -9999 -9999 -9999 -9999 -9999 -9999 -9999 -9999 -9999 -9999 -9999 -9999 -9999 -9999 -9999 -9999 -9999 -9999 -9999 146 175 179 177 183 150 164 180 169 166 174 122 168 142 144 144 159 131 118 134 128 123 113 119 104 81 82 60 71 85 32 10 24 8 10 8 8 13 15 18 12 4 4 -4 -2 -13 -2 -3 -5 -26 -5 -47 -15 -7 -17 -6 -3 -19 -5
-9999 -9999 -9999 -9999 -9999 -9999 -9999 -9999 -9999 -9999 -9999 -9999 -9999 -9999 -9999 -9999 -9999 -9999 -9999 -9999 -9999 -9999 -9999 -9999 -9999 -9999 -9999 -9999 -9999 -9999 -9999 -9999 -9999 -9999 -9999 -9999 -9999 -9999 153 162 202 206 150 120 157 208 172 119 195 138 151 171 169 175 180 146 137 142 134 122 127 110 66 64 66 76 69 73 37 4 9 7 10 10 10 12 10 10 11 -5 -7 3 0 4 2 0 2 -7 -7 -39 -54 0 -10 -10 -14 -17
-9999 257 214 -9999 -9999 -9999 -9999 -9999 -9999 -9999 -9999 -9999 -9999 -9999 -9999 -9999 -9999 -9999 -9999 -9999 -9999 -9999 -9999 -9999 -9999 -9999 -9999 -9999 -9999 -9999 -9999 -9999 -9999 -9999 -9999 -9999 -9999 -9999 149 171 173 192 187 199 147 173 126 160 138 154 141 144 186 178 161 147 139 144 141 130 129 129 108 102 61 62 96 86 57 17 10 13 5 9 9 7 8 -20 1 24 0 -1 8 -3 -4 0 0 0 5 -7 -19 6 -16 -15 -14 -14
273 250 278 268 251 -9999 -9999 -9999 -9999 -9999 -9999 -9999 -9999 -9999 -9999 -9999 -9999 -9999 -9999 -9999 -9999 -9999 -9999 -9999 -9999 -9999 -9999 -9999 -9999 -9999 -9999 -9999 -9999 -9999 -9999 -9999 -9999 -9999 -9999 146 168 205 153 191 175 151 85 146 133 150 171 184 173 199 160 155 139 156 131 137 132 136 117 74 82 86 96 114 41 36 18 12 9 17 4 5 30 3 0 -5 2 0 -2 -7 -6 1 -5 -3 -7 -7 -8 7 -13 -14 -46 5
-9999 242 299 264 262 260 230 -9999 -9999 -9999 -9999 -9999 -9999 -9999 -9999 -9999 -9999 -9999 -9999 -9999 -9999 -9999 -9999 -9999 -9999 -9999 -9999 -9999 -9999 -9999 -9999 -9999 -9999 -9999 -9999 -9999 -9999 -9999 -9999 149 159 173 195 222 197 163 207 153 187 198 187 202 201 165 166 167 157 150 137 137 146 104 119 108 98 105 111 104 108 76 28 18 30 9 9 22 11 7 -3 -2 1 1 0 -6 -2 -11 -2 -8 -6 -8 12 -10 -3 -13 -17 -17
-9999 276 318 296 279 280 264 247 294 -9999 -9999 -9999 -9999 -9999 -9999 -9999 -9999 -9999 -9999 -9999 -9999 -9999 -9999 -9999 -9999 -9999 -9999 -9999 -9999 -9999 -9999 -9999 -9999 -9999 -9999 -9999 -9999 -9999 -9999 142 161 170 183 168 221 159 134 179 163 174 179 185 174 133 168 172 165 159 155 142 128 140 118 144 102 103 116 123 118 94 48 35 9 10 18 11 7 2 -14 -9 -8 -2 0 -6 -1 -7 -22 1 -12 -3 -6 -11 -9 -12 -23 -12
-9999 282 308 301 293 325 307 230 257 256 -9999 -9999 -9999 -9999 -9999 -9999 -9999 -9999 -9999 -9999 -9999 -9999 -9999 -9999 -9999 -9999 -9999 -9999 -9999 -9999 -9999 -9999 -9999 -9999 -9999 -9999 -9999 -9999 -9999 140 142 202 197 194 160 194 150 165 186 198 202 180 175 176 177 169 165 309 292 158 132 128 130 137 116 140 127 143 123 74 43 26 19 15 16 16 9 2 -10 10 8 3 22 2 4 -6 -3 -10 -8 -5 -5 -8 -5 -5 -14 9
-9999 -9999 268 325 324 315 314 212 186 242 205 -9999 -9999 -9999 -9999 -9999 -9999 -9999 -9999 -9999 -9999 -9999 -9999 -9999 -9999 -9999 -9999 -9999 -9999 -9999 -9999 -9999 -9999 -9999 -9999 -9999 -9999 -9999 -9999 141 187 180 162 150 196 159 174 178 188 197 201 194 197 187 186 185 178 320 296 191 142 134 137 141 135 114 131 145 125 87 34 41 28 17 23 11 5 4 2 -4 2 -4 2 5 6 3 -1 -6 -7 -15 -6 -10 -5 -7 -7 -18
-9999 -9999 284 293 325 334 334 269 170 203 250 263 -9999 -9999 -9999 -9999 -9999 -9999 -9999 -9999 -9999 -9999 -9999 -9999 -9999 -9999 -9999 -9999 -9999 -9999 -9999 -9999 -9999 -9999 -9999 -9999 -9999 -9999 174 157 178 169 168 176 166 177 180 165 199 150 201 189 208 200 187 180 116 292 253 161 153 149 154 152 129 125 142 103 101 119 43 37 21 25 24 46 6 -2 -1 10 -2 2 -18 11 0 7 -5 -2 -3 -7 0 -6 -5 1 -15 -37
-9999 -9999 276 314 326 315 295 302 177 204 205 261 252 200 -9999 -9999 -9999 -9999 -9999 -9999 -9999 -9999 -9999 -9999 -9999 -9999 -9999 -9999 -9999 -9999 -9999 -9999 -9999 -9999 -9999 -9999 -9999 136 137 188 191 185 149 194 198 197 200 206 219 222 200 233 216 220 206 180 153 214 200 166 162 137 159 160 151 133 124 106 123 130 79 39 32 34 17 15 15 -6 2 25 8 0 -3 -7 2 5 -7 0 0 0 -3 0 2 -15 -26 4
-9999 -9999 288 314 315 305 294 271 226 206 191 192 258 251 243 217 -9999 -9999 -9999 -9999 -9999 -9999 -9999 -9999 -9999 -9999 -9999 -9999 -9999 -9999 -9999 -9999 -9999 124 148 156 160 167 197 206 181 170 219 199 206 199 208 213 220 227 217 224 231 231 234 220 210 194 184 181 170 140 143 133 114 128 110 144 177 80 74 52 63 38 36 14 14 11 12 3 2 3 2 -23 0 3 0 -7 0 -1 -8 -7 -17 -54 12 34
-9999 -9999 -9999 289 323 332 359 275 249 233 223 237 226 226 234 210 214 228 -9999 -9999 -9999 -9999 -9999 -9999 -9999 -9999 -9999 -9999 -9999 -9999 -9999 -9999 149 163 187 174 206 188 196 178 189 220 218 209 205 202 197 201 230 235 243 235 234 239 210 239 231 218 241 212 185 171 154 150 154 134 107 152 105 120 72 89 82 57 37 23 34 -10 11 1 3 12 -4 -32 2 -5 0 -9 -10 -7 -5 -14 18 32 20 1
-9999 -9999 -9999 290 309 315 282 260 273 240 223 232 240 223 224 195 242 252 251 242 -9999 -9999 -9999 -9999 -9999 -9999 -9999 -9999 -9999 -9999 -9999 158 172 167 187 150 163 190 189 114 219 219 217 216 195 218 227 231 239 251 265 251 264 250 233 240 215 220 207 204 188 182 156 154 150 132 136 135 137 152 148 108 65 64 25 12 15 18 -3 -3 17 0 4 -16 -10 -34 -8 -12 -3 6 18 6 10 -5 -1 -8
-9999 -9999 -9999 286 300 317 303 286 292 287 235 253 229 209 217 184 174 223 266 290 238 -9999 -9999 -9999 -9999 -9999 -9999 -9999 -9999 -9999 151 167 166 175 144 144 65 141 179 221 215 220 212 175 242 224 239 227 247 263 278 262 294 252 248 243 232 219 216 214 207 156 149 146 132 122 144 126 129 122 135 91 70 66 58 27 14 5 8 4 9 5 -3 2 0 -24 -7 -9 -7 -13 1 1 -7 -9 -8 -16
-9999 -9999 -9999 -9999 301 309 309 298 280 267 269 243 212 263 251 278 236 238 257 288 243 291 227 -9999 -9999 -9999 -9999 -9999 -9999 176 215 156 158 149 130 110 159 155 161 177 193 210 213 258 273 242 247 237 248 283 271 290 306 263 266 243 236 227 201 214 218 185 160 135 138 132 128 144 134 118 86 95 102 83 59 40 22 2 -3 5 8 1 2 -2 -9 0 2 5 -16 -11 2 -13 -7 -5 -11 0
