02 Retentie/Model student/CF-E4.lit/FIXED/dem25haren.asc
ncols         206
nrows         289
xllcorner     237027.652
yllcorner     571087
cellsize      25
NODATA_value  -9999
[rows 88 to 131 of 289, columns 0 to 95 of 206]
-9999 -9999 -9999 -9999 286 313 294 241 248 255 245 292 229 239 243 227 376 216 235 247 250 283 269 236 213 -9999 -9999 225 259 222 197 187 145 92 25 80 91 118 126 115 156 201 239 248 279 307 280 266 268 284 274 299 281 281 262 253 238 214 208 182 210 197 166 163 146 144 122 120 124 113 94 90 109 75 52 22 17 6 -10 4 5 6 5 -9 6 0 -1 -7 1 -5 -10 -12 -14 -8 -6 -9
-9999 -9999 -9999 -9999 285 299 291 256 250 248 256 300 253 258 273 251 317 228 239 243 269 272 286 279 256 249 310 232 280 302 275 129 89 114 127 140 135 123 118 109 108 125 193 228 241 280 272 254 235 254 263 260 275 286 277 257 209 238 218 197 167 194 184 175 126 143 119 123 94 74 82 72 74 78 58 -15 24 9 -15 -4 -5 -4 0 0 3 5 4 10 -4 -7 -8 -20 -11 -12 -15 -14
-9999 -9999 -9999 -9999 282 324 316 234 246 255 239 285 277 236 250 249 225 363 204 240 254 267 279 261 222 263 275 262 279 311 295 264 167 138 134 152 148 133 124 131 161 172 195 262 246 263 277 310 282 292 269 258 264 256 280 266 216 200 202 198 178 172 169 162 144 139 128 126 104 87 82 57 60 50 53 50 25 11 0 5 -10 0 -12 1 10 15 31 1 -5 -10 -8 -11 -17 -6 -11 -7
-9999 -9999 -9999 -9999 312 293 301 234 252 261 238 213 267 223 238 240 221 273 209 209 238 225 227 244 228 227 229 93 277 288 309 293 270 209 187 154 173 191 171 175 202 219 225 217 247 245 264 253 257 265 269 266 252 233 257 258 255 217 210 210 178 173 164 147 158 151 119 114 83 70 66 61 45 49 51 36 29 19 13 -1 -9 0 3 0 7 16 7 -3 -11 -15 -7 -10 -12 -8 -8 -9
-9999 -9999 -9999 -9999 -9999 287 325 338 250 260 254 240 284 255 235 244 251 252 226 222 243 241 224 192 138 0 129 182 237 185 298 348 338 267 297 206 210 195 176 190 213 226 257 208 233 225 243 238 285 289 259 275 231 254 247 265 259 236 204 180 165 182 169 152 155 124 125 138 100 86 77 49 50 47 29 35 37 23 1 -6 10 5 4 1 46 0 -5 -12 -13 -8 -9 -8 -12 -18 -7 -1
-9999 -9999 -9999 -9999 -9999 284 324 354 228 261 274 241 227 245 255 253 250 251 282 225 215 233 194 148 129 130 121 121 122 221 288 261 325 262 263 253 245 227 209 208 223 223 225 214 253 253 263 256 268 275 268 262 257 259 255 248 244 245 224 210 184 185 171 144 132 134 142 133 135 99 84 65 52 46 45 40 45 38 8 -3 -10 9 8 15 6 3 0 -14 -12 -7 -10 -15 -13 -5 -11 0
-9999 -9999 -9999 -9999 -9999 304 310 345 246 237 245 241 211 222 257 256 248 229 193 243 214 159 141 135 132 133 116 120 123 200 197 303 334 276 321 251 245 250 249 232 296 201 248 235 244 257 216 263 297 255 251 236 259 267 255 224 270 257 243 266 242 224 178 154 144 138 127 121 104 97 88 63 62 56 68 15 35 22 5 2 0 11 4 9 -2 0 -7 -3 -5 -10 -37 -9 -13 -10 -19 10
-9999 -9999 -9999 -9999 -9999 -9999 293 330 264 209 205 196 203 193 208 200 209 201 223 164 124 133 140 134 133 136 114 107 115 170 190 307 294 332 321 248 230 -9999 233 238 257 207 250 270 241 232 282 257 248 281 244 233 260 281 276 270 280 288 308 258 210 230 174 161 161 132 111 101 92 84 89 70 68 33 34 32 18 22 20 21 8 22 61 6 1 -1 -5 -10 -9 -7 -11 -10 -10 -47 -20 2
-9999 -9999 -9999 -9999 -9999 -9999 314 325 349 247 205 223 223 225 202 203 214 188 188 192 130 133 128 134 136 130 105 93 106 113 166 270 280 288 301 232 -9999 -9999 240 235 247 211 210 232 249 284 309 263 254 288 228 248 268 272 332 282 294 296 280 274 275 209 199 172 148 128 105 90 94 97 36 68 28 37 35 42 40 36 42 23 16 69 15 5 0 2 1 -11 -9 -7 -2 -50 -1 -6 25 4
-9999 -9999 -9999 -9999 -9999 -9999 -9999 287 329 305 270 265 285 307 267 232 201 211 215 190 127 129 129 136 150 199 208 212 210 203 150 230 283 286 290 306 701 367 247 246 252 219 238 242 239 245 278 306 294 298 269 246 242 270 249 240 296 274 277 246 263 248 205 158 133 109 86 86 95 94 89 70 30 44 56 57 44 40 51 51 34 4 12 5 0 2 -3 -5 -1 -20 0 -45 -2 44 70 0
-9999 -9999 -9999 -9999 -9999 -9999 -9999 384 319 319 321 304 318 379 261 235 207 209 213 179 138 174 172 160 224 223 234 216 233 221 181 185 290 295 284 307 304 290 292 242 250 199 225 241 214 229 226 268 284 275 294 229 226 251 223 251 238 247 249 233 250 199 203 147 101 88 101 67 50 39 60 62 23 57 61 64 47 45 -40 60 37 18 12 7 6 -4 -11 -5 -15 1 -7 -34 -9 65 33 3
-9999 -9999 -9999 -9999 -9999 -9999 -9999 -9999 301 340 394 347 299 285 285 225 225 212 211 214 176 175 171 172 176 240 234 188 192 187 169 151 264 298 283 293 306 -9999 291 292 249 187 214 222 213 214 261 299 270 280 291 226 229 236 210 260 229 182 157 169 199 177 170 143 103 100 92 55 63 59 80 88 84 53 59 48 40 39 32 36 45 10 13 6 5 6 -5 -1 -1 -10 -20 -7 -3 61 50 -17
-9999 -9999 -9999 -9999 -9999 -9999 -9999 -9999 397 329 359 352 294 288 247 224 272 246 214 203 203 204 185 196 157 215 182 201 207 210 183 145 167 295 295 289 302 -9999 295 296 249 172 172 168 176 215 204 238 252 259 261 240 209 203 188 213 193 159 169 185 153 137 135 101 107 89 80 94 97 110 109 111 94 34 57 47 61 94 67 56 45 26 24 19 23 3 -25 0 -11 -7 -8 -5 -20 110 61 40
-9999 -9999 -9999 -9999 -9999 -9999 -9999 -9999 -9999 359 312 381 292 281 205 125 145 216 185 188 189 223 252 233 173 217 147 195 200 169 141 201 173 291 303 295 291 305 290 303 261 175 204 91 188 213 211 216 224 241 260 271 224 215 201 192 191 164 168 169 157 156 88 98 71 96 102 91 100 129 132 135 119 102 29 64 61 63 68 53 39 16 11 -28 13 -1 -6 -1 -12 -8 -16 -1 0 -2 50 49
-9999 -9999 -9999 -9999 -9999 -9999 -9999 -9999 -9999 390 311 306 305 246 157 182 169 194 173 269 162 129 143 205 204 202 224 222 234 163 174 181 157 223 296 293 300 301 -9999 292 289 271 187 158 187 192 214 240 243 254 272 250 239 233 218 217 194 155 142 135 111 114 172 127 116 111 103 122 140 145 143 136 137 69 72 70 66 69 71 43 25 10 12 15 2 0 -10 -4 -5 -11 -23 -1 -30 -2 70 100
-9999 -9999 -9999 -9999 -9999 -9999 -9999 -9999 -9999 -9999 334 344 288 198 214 245 237 221 267 290 153 110 121 144 187 189 227 240 220 187 180 203 197 149 304 296 297 284 315 281 291 290 186 152 198 215 228 230 234 240 245 251 230 238 216 201 163 127 114 116 96 106 179 158 117 166 176 177 136 165 165 157 173 151 57 80 73 71 66 37 19 6 13 11 7 0 -7 -5 -4 -10 -23 -3 -28 -5 102 52
-9999 -9999 -9999 -9999 -9999 -9999 -9999 -9999 -9999 -9999 346 282 273 199 209 220 209 207 332 277 213 104 104 125 170 194 197 194 143 164 174 296 213 133 280 294 273 283 307 308 289 288 157 190 165 217 235 228 240 248 247 248 213 212 186 153 119 106 132 127 135 148 155 175 157 190 197 199 200 171 185 187 180 162 95 77 70 76 52 55 20 8 7 2 5 -9 -9 -13 -8 -12 -12 -7 -1 -5 87 50
-9999 -9999 -9999 -9999 -9999 -9999 -9999 -9999 -9999 -9999 391 293 346 262 191 175 184 290 272 181 316 133 122 173 169 180 179 150 119 166 154 183 148 117 223 294 275 292 279 283 288 287 174 206 217 215 239 233 243 250 239 241 198 185 142 116 82 137 154 160 165 179 183 200 195 207 216 223 217 173 199 193 182 166 135 57 81 88 84 51 28 8 -19 11 7 -9 -17 -12 -5 -11 -16 -9 0 -5 -67 48
-9999 -9999 -9999 -9999 -9999 -9999 -9999 -9999 -9999 379 289 298 323 179 168 182 149 141 68 29 15 159 147 175 202 198 206 182 183 165 193 148 131 133 80 267 316 298 294 297 291 311 178 211 214 226 231 237 255 257 219 232 185 166 126 92 149 165 185 192 194 201 207 193 246 225 216 232 234 229 208 200 182 168 155 93 117 96 102 61 42 19 11 10 7 -11 -9 -5 -14 -8 -1 -18 27 -21 -7 -3
-9999 -9999 -9999 -9999 -9999 -9999 -9999 -9999 359 351 328 289 255 251 249 195 152 133 159 85 52 214 176 176 141 208 201 174 162 166 170 148 153 156 125 305 310 289 303 296 300 291 271 213 216 211 231 243 241 225 254 218 189 149 119 162 166 186 205 210 230 237 235 216 241 225 237 250 252 257 192 235 192 156 134 120 120 120 96 62 52 27 8 4 -3 -6 -12 -14 -15 -7 -10 43 -1 -10 -18 -9
-9999 -9999 -9999 -9999 -9999 -9999 -9999 -9999 401 349 333 306 265 308 353 303 184 214 125 83 103 258 174 195 192 209 212 202 176 152 199 167 164 163 135 239 305 315 309 292 291 276 281 223 218 228 235 245 227 229 231 216 181 119 151 176 192 202 224 237 248 239 238 221 227 226 245 250 259 235 223 238 234 181 186 115 93 110 77 70 42 37 5 1 -4 -3 -9 -10 -11 -5 30 -9 -17 -13 -2 -22
-9999 -9999 -9999 -9999 -9999 -9999 -9999 410 387 368 351 322 283 242 242 287 275 188 184 202 159 281 297 303 200 209 228 229 170 168 249 258 161 -9999 155 128 303 314 286 294 296 299 287 216 201 223 203 207 221 225 224 182 149 120 160 197 216 223 236 263 260 251 240 226 254 293 298 273 243 240 262 262 238 213 187 152 98 106 94 74 44 28 11 2 0 3 -10 -15 -4 46 10 -13 -21 -21 -11 -5
-9999 -9999 -9999 -9999 -9999 -9999 404 413 397 388 372 332 250 224 274 231 316 180 138 101 69 10 178 249 225 190 209 172 224 190 168 172 214 220 152 152 279 306 296 304 294 290 274 254 215 211 213 197 191 205 182 132 174 169 178 211 231 245 246 270 272 267 265 252 314 287 287 310 298 297 286 255 244 229 224 179 81 102 99 56 43 16 -10 23 9 1 -10 -2 43 -4 -23 -18 -21 -20 -16 0
-9999 -9999 -9999 -9999 -9999 395 424 429 436 398 384 316 318 300 260 249 341 233 188 98 43 1 184 183 187 164 182 178 172 182 157 213 222 154 178 162 187 298 306 309 290 294 279 281 209 206 202 202 200 172 174 185 214 204 186 216 229 265 277 265 275 264 283 302 311 339 266 325 320 301 271 288 226 223 206 183 134 120 88 47 52 33 21 -31 6 5 -1 50 3 -13 -13 -18 -21 -19 -14 -10
-9999 -9999 -9999 -9999 394 364 401 442 443 417 380 342 318 316 295 210 266 261 232 124 65 77 200 200 193 191 191 187 166 199 218 -9999 203 158 139 143 155 302 298 307 306 294 293 291 198 186 200 227 211 200 199 201 218 212 183 209 234 262 289 290 307 296 329 320 320 286 269 288 300 296 267 242 234 211 195 194 179 33 69 57 53 55 39 39 30 62 46 -2 -19 -21 -21 -26 -23 -23 -14 -3
-9999 -9999 384 401 374 392 415 434 432 425 412 360 338 311 292 259 201 233 194 155 189 232 221 211 201 223 199 202 198 175 169 173 175 117 125 131 194 236 300 299 297 291 290 267 196 182 209 204 215 221 220 206 202 218 153 207 226 276 280 309 310 342 345 327 311 291 287 295 276 294 281 272 270 222 194 194 191 165 87 88 74 89 90 60 12 14 10 0 -17 -17 -15 -19 -19 -15 -1 -3
-9999 -9999 396 411 410 407 417 424 435 444 435 386 369 335 303 287 259 260 219 248 239 227 232 241 210 174 198 203 200 199 192 146 160 135 134 141 120 146 303 305 298 283 292 281 268 179 177 191 222 215 197 180 206 224 204 210 214 272 318 329 330 325 340 336 319 301 304 300 300 302 286 268 244 259 202 193 194 172 106 130 102 41 33 32 10 -4 -18 -19 -10 -18 -17 -16 -20 -9 -4 -20
-9999 -9999 -9999 426 421 440 437 435 439 456 487 447 376 360 348 311 294 270 258 231 229 201 215 177 203 194 208 202 177 166 160 153 131 131 136 164 133 145 302 313 305 299 301 284 262 174 194 208 217 200 185 201 213 227 216 208 238 282 297 310 339 364 375 354 349 324 361 357 356 280 284 276 292 246 188 199 187 159 145 164 94 62 35 26 14 -2 -9 -12 -22 -14 -14 -11 -16 -13 -14 -14
-9999 -9999 -9999 390 438 437 448 459 432 440 449 452 396 366 348 318 308 277 269 224 229 212 222 223 205 197 215 215 208 175 136 141 142 126 130 147 135 109 202 305 314 301 290 285 287 193 217 229 202 216 213 216 231 247 228 203 238 251 296 326 327 360 381 373 369 364 364 352 348 340 282 300 286 273 209 182 188 187 172 135 129 41 29 35 20 15 -16 -6 -5 -8 0 -11 -16 -25 -14 -15
-9999 -9999 -9999 -9999 459 459 439 431 428 417 450 488 447 380 351 313 311 290 288 239 232 223 247 222 223 217 206 200 198 153 154 143 140 139 127 140 112 121 129 304 318 309 299 294 280 155 214 208 226 227 228 236 230 234 213 198 227 266 294 305 338 366 369 380 379 365 330 342 341 374 322 290 295 284 249 167 205 223 196 146 142 123 38 27 32 15 7 0 -5 -10 -7 -19 -16 -14 -13 -12
-9999 -9999 -9999 -9999 409 489 474 459 457 453 467 472 454 422 390 339 309 309 279 249 246 248 261 225 208 202 200 202 212 146 166 156 132 123 133 138 134 142 158 300 309 306 297 291 278 246 203 219 232 228 235 238 240 220 197 202 225 266 292 298 327 342 351 358 365 366 361 354 349 351 308 299 331 315 276 207 237 240 188 180 164 139 55 39 22 10 5 -15 -19 -18 -18 -6 -11 -13 -13 -12
-9999 -9999 -9999 -9999 -9999 496 473 476 461 468 455 465 467 435 413 385 355 333 305 286 268 264 258 233 218 180 212 211 208 198 172 148 137 147 145 143 149 130 158 166 314 317 297 320 270 268 206 215 220 241 246 246 238 218 198 211 240 272 300 313 329 338 361 376 388 389 374 339 356 335 292 314 288 303 304 237 256 217 175 188 151 138 78 47 60 19 7 -7 -20 -21 0 -16 -3 -16 -7 -13
-9999 -9999 -9999 -9999 -9999 417 515 492 502 488 484 494 505 443 420 409 347 347 330 277 282 281 269 223 223 204 218 221 212 203 176 157 158 155 160 145 169 164 169 170 290 330 310 297 292 277 211 200 210 225 242 240 234 221 217 216 245 267 276 314 324 355 376 385 411 390 377 368 375 351 296 342 320 271 318 265 244 233 215 177 168 170 186 43 35 27 1 0 -27 -14 -25 -16 7 -13 -13 -6
-9999 -9999 -9999 -9999 -9999 -9999 459 523 505 475 485 480 484 436 432 397 354 340 318 274 289 275 266 244 230 229 214 215 193 195 188 170 168 159 151 148 151 163 176 174 271 316 315 296 280 285 144 162 154 188 211 230 232 241 189 182 211 266 287 318 339 347 382 370 386 363 413 413 389 382 319 350 335 318 258 312 239 237 220 191 177 174 136 65 42 83 37 16 -14 -31 -20 -17 -17 -15 -7 0
-9999 -9999 -9999 -9999 -9999 -9999 409 503 491 482 480 471 478 440 417 396 375 371 339 307 294 277 260 249 254 214 200 218 225 210 197 203 184 159 158 158 181 176 159 170 57 314 330 290 284 283 174 115 151 139 184 210 244 228 184 186 234 261 291 319 318 344 350 386 394 403 388 392 397 381 348 373 329 333 285 321 298 278 274 237 192 181 143 122 92 40 27 -22 -10 -24 -26 -24 -12 -11 -37 -14
-9999 -9999 -9999 -9999 -9999 -9999 -9999 474 484 490 485 480 463 449 416 398 372 362 330 314 324 285 273 274 221 212 232 220 203 225 210 214 199 205 163 182 173 151 149 149 148 302 311 301 296 285 169 116 115 115 159 222 261 235 176 180 228 260 287 309 316 342 357 388 515 389 408 410 401 382 370 369 342 338 329 282 315 304 317 225 171 163 172 130 51 33 38 -4 -13 -1 -12 -16 -15 -21 -15 -18
-9999 -9999 -9999 -9999 -9999 -9999 -9999 403 511 517 548 563 477 443 419 406 387 382 352 329 306 316 248 274 240 229 227 218 208 213 184 209 212 178 174 153 158 149 146 149 152 212 301 354 296 281 137 119 115 126 157 226 255 232 190 187 257 258 277 294 325 334 352 361 380 398 406 411 409 410 366 403 372 340 331 265 305 281 282 245 219 161 149 111 52 59 23 28 5 -7 -15 -26 -25 -21 -23 -21
-9999 -9999 -9999 -9999 -9999 -9999 -9999 -9999 437 478 467 509 467 453 432 397 373 365 354 336 309 303 274 255 235 220 227 227 202 181 201 203 210 168 170 194 177 165 164 207 204 218 298 318 297 273 260 128 112 109 165 202 218 203 204 212 248 267 271 267 309 333 351 369 382 393 406 421 423 419 383 410 389 353 352 273 328 303 291 233 216 200 140 185 160 69 36 28 1 -8 -8 -19 -31 -21 -21 -14
-9999 -9999 -9999 -9999 -9999 -9999 -9999 -9999 407 461 466 458 489 472 443 418 396 368 358 342 316 318 318 291 268 242 247 230 212 212 205 191 174 212 192 206 200 235 239 258 250 199 294 308 351 309 292 113 147 124 214 223 216 210 224 243 207 252 258 270 296 317 340 362 360 371 400 437 426 433 402 413 387 383 349 292 324 302 264 249 214 186 137 139 144 49 35 28 17 13 -1 -15 -27 -25 -17 -3
-9999 -9999 -9999 -9999 -9999 -9999 -9999 -9999 -9999 408 473 447 458 453 445 408 407 390 375 355 330 317 335 302 281 242 223 213 208 205 190 201 221 197 153 200 277 256 266 253 243 175 189 282 375 305 289 186 167 172 268 247 216 219 257 261 229 244 244 272 338 305 318 330 340 373 384 405 423 430 411 445 413 379 380 322 329 321 324 281 245 217 188 170 153 133 58 43 31 23 11 0 -23 -15 0 -14
-9999 -9999 -9999 -9999 -9999 -9999 -9999 -9999 -9999 399 488 489 483 491 483 465 434 411 366 358 342 332 339 316 298 271 253 230 238 213 218 214 218 183 182 196 205 189 459 354 166 145 149 316 312 344 319 275 152 220 259 263 211 252 260 267 254 254 260 259 279 294 311 326 334 333 358 396 410 439 476 444 473 358 364 360 359 360 322 289 250 219 192 188 145 111 87 56 -3 37 11 3 -10 -25 -23 -15
-9999 -9999 -9999 -9999 -9999 -9999 -9999 -9999 -9999 -9999 403 483 439 475 457 461 467 424 415 367 352 325 318 320 315 270 244 188 223 209 201 190 187 182 220 172 194 244 465 463 156 144 153 289 309 407 322 270 192 228 256 252 209 243 261 241 265 253 258 268 287 293 287 298 296 324 348 372 401 424 450 426 451 415 411 382 324 395 329 291 266 222 190 156 151 82 86 83 49 33 23 14 -9 -21 -23 -24
-9999 -9999 -9999 -9999 -9999 -9999 -9999 -9999 -9999 -9999 -9999 490 465 439 445 433 469 459 409 364 351 329 303 342 317 260 256 234 216 202 205 192 192 216 184 173 185 186 179 156 164 128 114 150 295 448 341 287 221 253 262 254 235 242 252 215 275 275 276 276 286 285 290 278 264 296 328 371 401 421 459 438 454 428 403 387 367 361 374 315 280 250 289 161 145 96 85 67 3 33 25 1 -3 -12 -21 -1
-9999 -9999 -9999 -9999 -9999 -9999 -9999 -9999 -9999 -9999 -9999 448 467 461 493 465 455 474 415 392 355 313 313 317 331 322 268 247 215 206 198 191 177 167 162 154 162 165 158 169 163 114 121 166 309 308 372 288 292 229 268 294 248 243 245 255 261 287 253 295 285 284 261 232 266 295 348 379 404 414 452 439 458 434 416 399 389 383 371 349 300 246 238 188 176 116 93 86 56 33 30 -11 7 -12 -21 -23
